"Country","Year","Month","Imports","Exports","Year_Month","Net_Imports","Trade_Volume","YearMonth","Balance"
"Belgium","2022","01",170871000,702245000,"2022 Jan",531374000,873116000,2022-01-01,"Positive"
"Belgium","2021","12",129536000,457888000,"2021 Dec",328352000,587424000,2021-12-01,"Positive"
"Belgium","2021","11",131031000,463968000,"2021 Nov",332937000,594999000,2021-11-01,"Positive"
"Belgium","2021","10",250735000,823155000,"2021 Oct",572420000,1073890000,2021-10-01,"Positive"
"Belgium","2021","09",155819000,450170000,"2021 Sep",294351000,605989000,2021-09-01,"Positive"
"Belgium","2021","08",98508000,334717000,"2021 Aug",236209000,433225000,2021-08-01,"Positive"
"Belgium","2021","07",183841000,760892000,"2021 Jul",577051000,944733000,2021-07-01,"Positive"
"Belgium","2021","06",117345000,585846000,"2021 Jun",468501000,703191000,2021-06-01,"Positive"
"Belgium","2021","05",151574000,773462000,"2021 May",621888000,925036000,2021-05-01,"Positive"
"Belgium","2021","04",174581000,590664000,"2021 Apr",416083000,765245000,2021-04-01,"Positive"
"Belgium","2021","03",128928000,1094463000,"2021 Mar",965535000,1223391000,2021-03-01,"Positive"
"Belgium","2021","02",191622000,447254000,"2021 Feb",255632000,638876000,2021-02-01,"Positive"
"Belgium","2021","01",119744000,470384000,"2021 Jan",350640000,590128000,2021-01-01,"Positive"
"Belgium","2020","12",133445000,228581000,"2020 Dec",95136000,362026000,2020-12-01,"Positive"
"Belgium","2020","11",209539000,411750000,"2020 Nov",202211000,621289000,2020-11-01,"Positive"
"Belgium","2020","10",83657000,714179000,"2020 Oct",630522000,797836000,2020-10-01,"Positive"
"Belgium","2020","09",80823000,443025000,"2020 Sep",362202000,523848000,2020-09-01,"Positive"
"Belgium","2020","08",99286000,339644000,"2020 Aug",240358000,438930000,2020-08-01,"Positive"
"Belgium","2020","07",102317000,254329000,"2020 Jul",152012000,356646000,2020-07-01,"Positive"
"Belgium","2020","06",73457000,386915000,"2020 Jun",313458000,460372000,2020-06-01,"Positive"
"Belgium","2020","05",77945000,925654000,"2020 May",847709000,1003599000,2020-05-01,"Positive"
"Belgium","2020","04",126970000,1176482000,"2020 Apr",1049512000,1303452000,2020-04-01,"Positive"
"Belgium","2020","03",136150000,550919000,"2020 Mar",414769000,687069000,2020-03-01,"Positive"
"Belgium","2020","02",176921000,624401000,"2020 Feb",447480000,801322000,2020-02-01,"Positive"
"Belgium","2020","01",124193000,618487000,"2020 Jan",494294000,742680000,2020-01-01,"Positive"
"Belgium","2019","12",148564000,498029000,"2019 Dec",349465000,646593000,2019-12-01,"Positive"
"Belgium","2019","11",112197000,553449000,"2019 Nov",441252000,665646000,2019-11-01,"Positive"
"Belgium","2019","10",148895000,635001000,"2019 Oct",486106000,783896000,2019-10-01,"Positive"
"Belgium","2019","09",109280000,463503000,"2019 Sep",354223000,572783000,2019-09-01,"Positive"
"Belgium","2019","08",110542000,338818000,"2019 Aug",228276000,449360000,2019-08-01,"Positive"
"Belgium","2019","07",140243000,389853000,"2019 Jul",249610000,530096000,2019-07-01,"Positive"
"Belgium","2019","06",154637000,318325000,"2019 Jun",163688000,472962000,2019-06-01,"Positive"
"Belgium","2019","05",220417000,1380735000,"2019 May",1160318000,1601152000,2019-05-01,"Positive"
"Belgium","2019","04",134313000,277437000,"2019 Apr",143124000,411750000,2019-04-01,"Positive"
"Belgium","2019","03",222413000,274500000,"2019 Mar",52087000,496913000,2019-03-01,"Positive"
"Belgium","2019","02",104332000,470596000,"2019 Feb",366264000,574928000,2019-02-01,"Positive"
"Belgium","2019","01",142735000,491576000,"2019 Jan",348841000,634311000,2019-01-01,"Positive"
"Belgium","2018","12",208414000,218293000,"2018 Dec",9879000,426707000,2018-12-01,"Positive"
"Belgium","2018","11",124412000,647959000,"2018 Nov",523547000,772371000,2018-11-01,"Positive"
"Belgium","2018","10",156310000,1213141000,"2018 Oct",1056831000,1369451000,2018-10-01,"Positive"
"Belgium","2018","09",206012000,747816000,"2018 Sep",541804000,953828000,2018-09-01,"Positive"
"Belgium","2018","08",209928000,471877000,"2018 Aug",261949000,681805000,2018-08-01,"Positive"
"Belgium","2018","07",134276000,299089000,"2018 Jul",164813000,433365000,2018-07-01,"Positive"
"Belgium","2018","06",109902000,475517000,"2018 Jun",365615000,585419000,2018-06-01,"Positive"
"Belgium","2018","05",146725000,593394000,"2018 May",446669000,740119000,2018-05-01,"Positive"
"Belgium","2018","04",137948000,671336000,"2018 Apr",533388000,809284000,2018-04-01,"Positive"
"Belgium","2018","03",101637000,481168000,"2018 Mar",379531000,582805000,2018-03-01,"Positive"
"Belgium","2018","02",94994000,461082000,"2018 Feb",366088000,556076000,2018-02-01,"Positive"
"Belgium","2018","01",177054000,607382000,"2018 Jan",430328000,784436000,2018-01-01,"Positive"
"Denmark","2022","01",142022000,32037000,"2022 Jan",-109985000,174059000,2022-01-01,"Negative"
"Denmark","2021","12",52270000,28435000,"2021 Dec",-23835000,80705000,2021-12-01,"Negative"
"Denmark","2021","11",91555000,24507000,"2021 Nov",-67048000,116062000,2021-11-01,"Negative"
"Denmark","2021","10",54084000,22478000,"2021 Oct",-31606000,76562000,2021-10-01,"Negative"
"Denmark","2021","09",151317000,30258000,"2021 Sep",-121059000,181575000,2021-09-01,"Negative"
"Denmark","2021","08",61383000,27120000,"2021 Aug",-34263000,88503000,2021-08-01,"Negative"
"Denmark","2021","07",56814000,179500000,"2021 Jul",122686000,236314000,2021-07-01,"Positive"
"Denmark","2021","06",146833000,27831000,"2021 Jun",-119002000,174664000,2021-06-01,"Negative"
"Denmark","2021","05",55964000,15815000,"2021 May",-40149000,71779000,2021-05-01,"Negative"
"Denmark","2021","04",44685000,22270000,"2021 Apr",-22415000,66955000,2021-04-01,"Negative"
"Denmark","2021","03",117667000,24819000,"2021 Mar",-92848000,142486000,2021-03-01,"Negative"
"Denmark","2021","02",73685000,23271000,"2021 Feb",-50414000,96956000,2021-02-01,"Negative"
"Denmark","2021","01",105473000,24573000,"2021 Jan",-80900000,130046000,2021-01-01,"Negative"
"Denmark","2020","12",143209000,12355000,"2020 Dec",-130854000,155564000,2020-12-01,"Negative"
"Denmark","2020","11",45010000,14607000,"2020 Nov",-30403000,59617000,2020-11-01,"Negative"
"Denmark","2020","10",43480000,18695000,"2020 Oct",-24785000,62175000,2020-10-01,"Negative"
"Denmark","2020","09",70494000,14031000,"2020 Sep",-56463000,84525000,2020-09-01,"Negative"
"Denmark","2020","08",44398000,15904000,"2020 Aug",-28494000,60302000,2020-08-01,"Negative"
"Denmark","2020","07",95598000,13914000,"2020 Jul",-81684000,109512000,2020-07-01,"Negative"
"Denmark","2020","06",41203000,13574000,"2020 Jun",-27629000,54777000,2020-06-01,"Negative"
"Denmark","2020","05",65305000,9833000,"2020 May",-55472000,75138000,2020-05-01,"Negative"
"Denmark","2020","04",62488000,18305000,"2020 Apr",-44183000,80793000,2020-04-01,"Negative"
"Denmark","2020","03",54577000,15795000,"2020 Mar",-38782000,70372000,2020-03-01,"Negative"
"Denmark","2020","02",124343000,33476000,"2020 Feb",-90867000,157819000,2020-02-01,"Negative"
"Denmark","2020","01",84860000,18442000,"2020 Jan",-66418000,103302000,2020-01-01,"Negative"
"Denmark","2019","12",44062000,13039000,"2019 Dec",-31023000,57101000,2019-12-01,"Negative"
"Denmark","2019","11",53664000,11415000,"2019 Nov",-42249000,65079000,2019-11-01,"Negative"
"Denmark","2019","10",112559000,15446000,"2019 Oct",-97113000,128005000,2019-10-01,"Negative"
"Denmark","2019","09",59067000,12465000,"2019 Sep",-46602000,71532000,2019-09-01,"Negative"
"Denmark","2019","08",57022000,19571000,"2019 Aug",-37451000,76593000,2019-08-01,"Negative"
"Denmark","2019","07",53531000,21957000,"2019 Jul",-31574000,75488000,2019-07-01,"Negative"
"Denmark","2019","06",41769000,19587000,"2019 Jun",-22182000,61356000,2019-06-01,"Negative"
"Denmark","2019","05",89820000,27991000,"2019 May",-61829000,117811000,2019-05-01,"Negative"
"Denmark","2019","04",41722000,12928000,"2019 Apr",-28794000,54650000,2019-04-01,"Negative"
"Denmark","2019","03",47250000,12219000,"2019 Mar",-35031000,59469000,2019-03-01,"Negative"
"Denmark","2019","02",47721000,15066000,"2019 Feb",-32655000,62787000,2019-02-01,"Negative"
"Denmark","2019","01",53083000,18940000,"2019 Jan",-34143000,72023000,2019-01-01,"Negative"
"Denmark","2018","12",54229000,21603000,"2018 Dec",-32626000,75832000,2018-12-01,"Negative"
"Denmark","2018","11",44982000,20479000,"2018 Nov",-24503000,65461000,2018-11-01,"Negative"
"Denmark","2018","10",52667000,25583000,"2018 Oct",-27084000,78250000,2018-10-01,"Negative"
"Denmark","2018","09",98336000,30342000,"2018 Sep",-67994000,128678000,2018-09-01,"Negative"
"Denmark","2018","08",53420000,31741000,"2018 Aug",-21679000,85161000,2018-08-01,"Negative"
"Denmark","2018","07",49704000,36868000,"2018 Jul",-12836000,86572000,2018-07-01,"Negative"
"Denmark","2018","06",49998000,58383000,"2018 Jun",8385000,108381000,2018-06-01,"Positive"
"Denmark","2018","05",147783000,15430000,"2018 May",-132353000,163213000,2018-05-01,"Negative"
"Denmark","2018","04",50656000,31195000,"2018 Apr",-19461000,81851000,2018-04-01,"Negative"
"Denmark","2018","03",48164000,26709000,"2018 Mar",-21455000,74873000,2018-03-01,"Negative"
"Denmark","2018","02",44882000,23827000,"2018 Feb",-21055000,68709000,2018-02-01,"Negative"
"Denmark","2018","01",44826000,24294000,"2018 Jan",-20532000,69120000,2018-01-01,"Negative"
"France","2022","01",1428511000,445754000,"2022 Jan",-982757000,1874265000,2022-01-01,"Negative"
"France","2021","12",1449230000,441787000,"2021 Dec",-1007443000,1891017000,2021-12-01,"Negative"
"France","2021","11",1259199000,417352000,"2021 Nov",-841847000,1676551000,2021-11-01,"Negative"
"France","2021","10",1248425000,445179000,"2021 Oct",-803246000,1693604000,2021-10-01,"Negative"
"France","2021","09",1432720000,391514000,"2021 Sep",-1041206000,1824234000,2021-09-01,"Negative"
"France","2021","08",1035905000,310002000,"2021 Aug",-725903000,1345907000,2021-08-01,"Negative"
"France","2021","07",1279419000,411915000,"2021 Jul",-867504000,1691334000,2021-07-01,"Negative"
"France","2021","06",1453443000,356333000,"2021 Jun",-1097110000,1809776000,2021-06-01,"Negative"
"France","2021","05",1239006000,346259000,"2021 May",-892747000,1585265000,2021-05-01,"Negative"
"France","2021","04",1150424000,398291000,"2021 Apr",-752133000,1548715000,2021-04-01,"Negative"
"France","2021","03",1906800000,433983000,"2021 Mar",-1472817000,2340783000,2021-03-01,"Negative"
"France","2021","02",987454000,367562000,"2021 Feb",-619892000,1355016000,2021-02-01,"Negative"
"France","2021","01",1021290000,816892000,"2021 Jan",-204398000,1838182000,2021-01-01,"Negative"
"France","2020","12",1141603000,406905000,"2020 Dec",-734698000,1548508000,2020-12-01,"Negative"
"France","2020","11",1498854000,373405000,"2020 Nov",-1125449000,1872259000,2020-11-01,"Negative"
"France","2020","10",1922407000,494312000,"2020 Oct",-1428095000,2416719000,2020-10-01,"Negative"
"France","2020","09",1167166000,1198893000,"2020 Sep",31727000,2366059000,2020-09-01,"Positive"
"France","2020","08",922015000,748248000,"2020 Aug",-173767000,1670263000,2020-08-01,"Negative"
"France","2020","07",1088034000,330195000,"2020 Jul",-757839000,1418229000,2020-07-01,"Negative"
"France","2020","06",895505000,327298000,"2020 Jun",-568207000,1222803000,2020-06-01,"Negative"
"France","2020","05",690063000,275463000,"2020 May",-414600000,965526000,2020-05-01,"Negative"
"France","2020","04",912836000,329421000,"2020 Apr",-583415000,1242257000,2020-04-01,"Negative"
"France","2020","03",1233320000,371118000,"2020 Mar",-862202000,1604438000,2020-03-01,"Negative"
"France","2020","02",1123010000,379019000,"2020 Feb",-743991000,1502029000,2020-02-01,"Negative"
"France","2020","01",1491370000,344766000,"2020 Jan",-1146604000,1836136000,2020-01-01,"Negative"
"France","2019","12",1305861000,415758000,"2019 Dec",-890103000,1721619000,2019-12-01,"Negative"
"France","2019","11",1607039000,435599000,"2019 Nov",-1171440000,2042638000,2019-11-01,"Negative"
"France","2019","10",1539927000,429136000,"2019 Oct",-1110791000,1969063000,2019-10-01,"Negative"
"France","2019","09",1553172000,438494000,"2019 Sep",-1114678000,1991666000,2019-09-01,"Negative"
"France","2019","08",1384504000,429193000,"2019 Aug",-955311000,1813697000,2019-08-01,"Negative"
"France","2019","07",1377160000,410138000,"2019 Jul",-967022000,1787298000,2019-07-01,"Negative"
"France","2019","06",1247644000,360330000,"2019 Jun",-887314000,1607974000,2019-06-01,"Negative"
"France","2019","05",1692436000,577736000,"2019 May",-1114700000,2270172000,2019-05-01,"Negative"
"France","2019","04",1109264000,475919000,"2019 Apr",-633345000,1585183000,2019-04-01,"Negative"
"France","2019","03",1309187000,535745000,"2019 Mar",-773442000,1844932000,2019-03-01,"Negative"
"France","2019","02",1152218000,404861000,"2019 Feb",-747357000,1557079000,2019-02-01,"Negative"
"France","2019","01",1314599000,510535000,"2019 Jan",-804064000,1825134000,2019-01-01,"Negative"
"France","2018","12",1578847000,472271000,"2018 Dec",-1106576000,2051118000,2018-12-01,"Negative"
"France","2018","11",1672960000,566991000,"2018 Nov",-1105969000,2239951000,2018-11-01,"Negative"
"France","2018","10",1499952000,573108000,"2018 Oct",-926844000,2073060000,2018-10-01,"Negative"
"France","2018","09",1526122000,588829000,"2018 Sep",-937293000,2114951000,2018-09-01,"Negative"
"France","2018","08",1232340000,471932000,"2018 Aug",-760408000,1704272000,2018-08-01,"Negative"
"France","2018","07",1618780000,443683000,"2018 Jul",-1175097000,2062463000,2018-07-01,"Negative"
"France","2018","06",1092862000,637168000,"2018 Jun",-455694000,1730030000,2018-06-01,"Negative"
"France","2018","05",949979000,402186000,"2018 May",-547793000,1352165000,2018-05-01,"Negative"
"France","2018","04",1001715000,473738000,"2018 Apr",-527977000,1475453000,2018-04-01,"Negative"
"France","2018","03",1036043000,426894000,"2018 Mar",-609149000,1462937000,2018-03-01,"Negative"
"France","2018","02",964469000,392911000,"2018 Feb",-571558000,1357380000,2018-02-01,"Negative"
"France","2018","01",1245941000,446415000,"2018 Jan",-799526000,1692356000,2018-01-01,"Negative"
"Germany","2022","01",1039071000,784686000,"2022 Jan",-254385000,1823757000,2022-01-01,"Negative"
"Germany","2021","12",1329642000,917779000,"2021 Dec",-411863000,2247421000,2021-12-01,"Negative"
"Germany","2021","11",1094892000,777783000,"2021 Nov",-317109000,1872675000,2021-11-01,"Negative"
"Germany","2021","10",1103039000,915452000,"2021 Oct",-187587000,2018491000,2021-10-01,"Negative"
"Germany","2021","09",1290457000,800215000,"2021 Sep",-490242000,2090672000,2021-09-01,"Negative"
"Germany","2021","08",1147489000,798061000,"2021 Aug",-349428000,1945550000,2021-08-01,"Negative"
"Germany","2021","07",1185938000,754099000,"2021 Jul",-431839000,1940037000,2021-07-01,"Negative"
"Germany","2021","06",1142950000,916201000,"2021 Jun",-226749000,2059151000,2021-06-01,"Negative"
"Germany","2021","05",1432486000,709010000,"2021 May",-723476000,2141496000,2021-05-01,"Negative"
"Germany","2021","04",1102010000,771493000,"2021 Apr",-330517000,1873503000,2021-04-01,"Negative"
"Germany","2021","03",1124788000,874965000,"2021 Mar",-249823000,1999753000,2021-03-01,"Negative"
"Germany","2021","02",916711000,651058000,"2021 Feb",-265653000,1567769000,2021-02-01,"Negative"
"Germany","2021","01",947476000,652128000,"2021 Jan",-295348000,1599604000,2021-01-01,"Negative"
"Germany","2020","12",980296000,674442000,"2020 Dec",-305854000,1654738000,2020-12-01,"Negative"
"Germany","2020","11",978208000,629029000,"2020 Nov",-349179000,1607237000,2020-11-01,"Negative"
"Germany","2020","10",980882000,635751000,"2020 Oct",-345131000,1616633000,2020-10-01,"Negative"
"Germany","2020","09",972416000,652239000,"2020 Sep",-320177000,1624655000,2020-09-01,"Negative"
"Germany","2020","08",931876000,616109000,"2020 Aug",-315767000,1547985000,2020-08-01,"Negative"
"Germany","2020","07",1061128000,636085000,"2020 Jul",-425043000,1697213000,2020-07-01,"Negative"
"Germany","2020","06",978806000,616840000,"2020 Jun",-361966000,1595646000,2020-06-01,"Negative"
"Germany","2020","05",892172000,578206000,"2020 May",-313966000,1470378000,2020-05-01,"Negative"
"Germany","2020","04",1160767000,617032000,"2020 Apr",-543735000,1777799000,2020-04-01,"Negative"
"Germany","2020","03",1115034000,610897000,"2020 Mar",-504137000,1725931000,2020-03-01,"Negative"
"Germany","2020","02",1003380000,731916000,"2020 Feb",-271464000,1735296000,2020-02-01,"Negative"
"Germany","2020","01",1127285000,664818000,"2020 Jan",-462467000,1792103000,2020-01-01,"Negative"
"Germany","2019","12",1090801000,601244000,"2019 Dec",-489557000,1692045000,2019-12-01,"Negative"
"Germany","2019","11",1076037000,581154000,"2019 Nov",-494883000,1657191000,2019-11-01,"Negative"
"Germany","2019","10",1090588000,718934000,"2019 Oct",-371654000,1809522000,2019-10-01,"Negative"
"Germany","2019","09",1084790000,615005000,"2019 Sep",-469785000,1699795000,2019-09-01,"Negative"
"Germany","2019","08",1141855000,637776000,"2019 Aug",-504079000,1779631000,2019-08-01,"Negative"
"Germany","2019","07",1194530000,665181000,"2019 Jul",-529349000,1859711000,2019-07-01,"Negative"
"Germany","2019","06",1016793000,596595000,"2019 Jun",-420198000,1613388000,2019-06-01,"Negative"
"Germany","2019","05",1201604000,681759000,"2019 May",-519845000,1883363000,2019-05-01,"Negative"
"Germany","2019","04",1238409000,677529000,"2019 Apr",-560880000,1915938000,2019-04-01,"Negative"
"Germany","2019","03",1235641000,722472000,"2019 Mar",-513169000,1958113000,2019-03-01,"Negative"
"Germany","2019","02",1042773000,678970000,"2019 Feb",-363803000,1721743000,2019-02-01,"Negative"
"Germany","2019","01",1102644000,796658000,"2019 Jan",-305986000,1899302000,2019-01-01,"Negative"
"Germany","2018","12",1141434000,662768000,"2018 Dec",-478666000,1804202000,2018-12-01,"Negative"
"Germany","2018","11",1144098000,732705000,"2018 Nov",-411393000,1876803000,2018-11-01,"Negative"
"Germany","2018","10",1222014000,776175000,"2018 Oct",-445839000,1998189000,2018-10-01,"Negative"
"Germany","2018","09",1171823000,820149000,"2018 Sep",-351674000,1991972000,2018-09-01,"Negative"
"Germany","2018","08",1198122000,816747000,"2018 Aug",-381375000,2014869000,2018-08-01,"Negative"
"Germany","2018","07",1175846000,793292000,"2018 Jul",-382554000,1969138000,2018-07-01,"Negative"
"Germany","2018","06",1063311000,689650000,"2018 Jun",-373661000,1752961000,2018-06-01,"Negative"
"Germany","2018","05",1124962000,689347000,"2018 May",-435615000,1814309000,2018-05-01,"Negative"
"Germany","2018","04",1117400000,648441000,"2018 Apr",-468959000,1765841000,2018-04-01,"Negative"
"Germany","2018","03",1182291000,712625000,"2018 Mar",-469666000,1894916000,2018-03-01,"Negative"
"Germany","2018","02",963862000,616822000,"2018 Feb",-347040000,1580684000,2018-02-01,"Negative"
"Germany","2018","01",1152649000,698725000,"2018 Jan",-453924000,1851374000,2018-01-01,"Negative"
"Greece","2022","01",17783000,98550000,"2022 Jan",80767000,116333000,2022-01-01,"Positive"
"Greece","2021","12",38816000,110887000,"2021 Dec",72071000,149703000,2021-12-01,"Positive"
"Greece","2021","11",9041000,162931000,"2021 Nov",153890000,171972000,2021-11-01,"Positive"
"Greece","2021","10",12105000,91021000,"2021 Oct",78916000,103126000,2021-10-01,"Positive"
"Greece","2021","09",10967000,104392000,"2021 Sep",93425000,115359000,2021-09-01,"Positive"
"Greece","2021","08",1.1e+07,92453000,"2021 Aug",81453000,103453000,2021-08-01,"Positive"
"Greece","2021","07",10522000,93224000,"2021 Jul",82702000,103746000,2021-07-01,"Positive"
"Greece","2021","06",53544000,89729000,"2021 Jun",36185000,143273000,2021-06-01,"Positive"
"Greece","2021","05",38630000,82596000,"2021 May",43966000,121226000,2021-05-01,"Positive"
"Greece","2021","04",14707000,127066000,"2021 Apr",112359000,141773000,2021-04-01,"Positive"
"Greece","2021","03",65136000,93626000,"2021 Mar",28490000,158762000,2021-03-01,"Positive"
"Greece","2021","02",85500000,121376000,"2021 Feb",35876000,206876000,2021-02-01,"Positive"
"Greece","2021","01",46808000,81434000,"2021 Jan",34626000,128242000,2021-01-01,"Positive"
"Greece","2020","12",10429000,106578000,"2020 Dec",96149000,117007000,2020-12-01,"Positive"
"Greece","2020","11",10423000,86709000,"2020 Nov",76286000,97132000,2020-11-01,"Positive"
"Greece","2020","10",11378000,77179000,"2020 Oct",65801000,88557000,2020-10-01,"Positive"
"Greece","2020","09",11241000,80952000,"2020 Sep",69711000,92193000,2020-09-01,"Positive"
"Greece","2020","08",11809000,79911000,"2020 Aug",68102000,91720000,2020-08-01,"Positive"
"Greece","2020","07",11655000,83073000,"2020 Jul",71418000,94728000,2020-07-01,"Positive"
"Greece","2020","06",11839000,83698000,"2020 Jun",71859000,95537000,2020-06-01,"Positive"
"Greece","2020","05",11181000,94435000,"2020 May",83254000,105616000,2020-05-01,"Positive"
"Greece","2020","04",15506000,90018000,"2020 Apr",74512000,105524000,2020-04-01,"Positive"
"Greece","2020","03",12418000,122867000,"2020 Mar",110449000,135285000,2020-03-01,"Positive"
"Greece","2020","02",12065000,164151000,"2020 Feb",152086000,176216000,2020-02-01,"Positive"
"Greece","2020","01",10275000,111978000,"2020 Jan",101703000,122253000,2020-01-01,"Positive"
"Greece","2019","12",12161000,52483000,"2019 Dec",40322000,64644000,2019-12-01,"Positive"
"Greece","2019","11",14507000,89984000,"2019 Nov",75477000,104491000,2019-11-01,"Positive"
"Greece","2019","10",9397000,103260000,"2019 Oct",93863000,112657000,2019-10-01,"Positive"
"Greece","2019","09",12033000,70956000,"2019 Sep",58923000,82989000,2019-09-01,"Positive"
"Greece","2019","08",11920000,97643000,"2019 Aug",85723000,109563000,2019-08-01,"Positive"
"Greece","2019","07",12095000,99937000,"2019 Jul",87842000,112032000,2019-07-01,"Positive"
"Greece","2019","06",27007000,108931000,"2019 Jun",81924000,135938000,2019-06-01,"Positive"
"Greece","2019","05",12964000,99698000,"2019 May",86734000,112662000,2019-05-01,"Positive"
"Greece","2019","04",11590000,108679000,"2019 Apr",97089000,120269000,2019-04-01,"Positive"
"Greece","2019","03",11481000,104322000,"2019 Mar",92841000,115803000,2019-03-01,"Positive"
"Greece","2019","02",8408000,141543000,"2019 Feb",133135000,149951000,2019-02-01,"Positive"
"Greece","2019","01",92135000,148957000,"2019 Jan",56822000,241092000,2019-01-01,"Positive"
"Greece","2018","12",60476000,133816000,"2018 Dec",73340000,194292000,2018-12-01,"Positive"
"Greece","2018","11",9204000,140033000,"2018 Nov",130829000,149237000,2018-11-01,"Positive"
"Greece","2018","10",10294000,113651000,"2018 Oct",103357000,123945000,2018-10-01,"Positive"
"Greece","2018","09",82661000,119281000,"2018 Sep",36620000,201942000,2018-09-01,"Positive"
"Greece","2018","08",9646000,102894000,"2018 Aug",93248000,112540000,2018-08-01,"Positive"
"Greece","2018","07",10122000,112893000,"2018 Jul",102771000,123015000,2018-07-01,"Positive"
"Greece","2018","06",11088000,117460000,"2018 Jun",106372000,128548000,2018-06-01,"Positive"
"Greece","2018","05",303692000,136528000,"2018 May",-167164000,440220000,2018-05-01,"Negative"
"Greece","2018","04",9282000,97611000,"2018 Apr",88329000,106893000,2018-04-01,"Positive"
"Greece","2018","03",33446000,93919000,"2018 Mar",60473000,127365000,2018-03-01,"Positive"
"Greece","2018","02",75062000,124218000,"2018 Feb",49156000,199280000,2018-02-01,"Positive"
"Greece","2018","01",107827000,118214000,"2018 Jan",10387000,226041000,2018-01-01,"Positive"
"Ireland","2022","01",82200000,32085000,"2022 Jan",-50115000,114285000,2022-01-01,"Negative"
"Ireland","2021","12",96356000,22400000,"2021 Dec",-73956000,118756000,2021-12-01,"Negative"
"Ireland","2021","11",95135000,55726000,"2021 Nov",-39409000,150861000,2021-11-01,"Negative"
"Ireland","2021","10",110319000,34508000,"2021 Oct",-75811000,144827000,2021-10-01,"Negative"
"Ireland","2021","09",272126000,32235000,"2021 Sep",-239891000,304361000,2021-09-01,"Negative"
"Ireland","2021","08",280524000,26744000,"2021 Aug",-253780000,307268000,2021-08-01,"Negative"
"Ireland","2021","07",287457000,25801000,"2021 Jul",-261656000,313258000,2021-07-01,"Negative"
"Ireland","2021","06",323034000,268595000,"2021 Jun",-54439000,591629000,2021-06-01,"Negative"
"Ireland","2021","05",232561000,108373000,"2021 May",-124188000,340934000,2021-05-01,"Negative"
"Ireland","2021","04",297031000,35605000,"2021 Apr",-261426000,332636000,2021-04-01,"Negative"
"Ireland","2021","03",393479000,31978000,"2021 Mar",-361501000,425457000,2021-03-01,"Negative"
"Ireland","2021","02",170727000,107426000,"2021 Feb",-63301000,278153000,2021-02-01,"Negative"
"Ireland","2021","01",73413000,11134000,"2021 Jan",-62279000,84547000,2021-01-01,"Negative"
"Ireland","2020","12",250720000,39043000,"2020 Dec",-211677000,289763000,2020-12-01,"Negative"
"Ireland","2020","11",252154000,12943000,"2020 Nov",-239211000,265097000,2020-11-01,"Negative"
"Ireland","2020","10",187158000,156489000,"2020 Oct",-30669000,343647000,2020-10-01,"Negative"
"Ireland","2020","09",112631000,23969000,"2020 Sep",-88662000,136600000,2020-09-01,"Negative"
"Ireland","2020","08",94134000,28713000,"2020 Aug",-65421000,122847000,2020-08-01,"Negative"
"Ireland","2020","07",104004000,26511000,"2020 Jul",-77493000,130515000,2020-07-01,"Negative"
"Ireland","2020","06",111688000,52091000,"2020 Jun",-59597000,163779000,2020-06-01,"Negative"
"Ireland","2020","05",93891000,48372000,"2020 May",-45519000,142263000,2020-05-01,"Negative"
"Ireland","2020","04",116897000,81404000,"2020 Apr",-35493000,198301000,2020-04-01,"Negative"
"Ireland","2020","03",100595000,65351000,"2020 Mar",-35244000,165946000,2020-03-01,"Negative"
"Ireland","2020","02",106456000,167639000,"2020 Feb",61183000,274095000,2020-02-01,"Positive"
"Ireland","2020","01",87483000,52272000,"2020 Jan",-35211000,139755000,2020-01-01,"Negative"
"Ireland","2019","12",93080000,51855000,"2019 Dec",-41225000,144935000,2019-12-01,"Negative"
"Ireland","2019","11",111909000,37105000,"2019 Nov",-74804000,149014000,2019-11-01,"Negative"
"Ireland","2019","10",91189000,29955000,"2019 Oct",-61234000,121144000,2019-10-01,"Negative"
"Ireland","2019","09",72531000,18348000,"2019 Sep",-54183000,90879000,2019-09-01,"Negative"
"Ireland","2019","08",76235000,22930000,"2019 Aug",-53305000,99165000,2019-08-01,"Negative"
"Ireland","2019","07",93976000,48834000,"2019 Jul",-45142000,142810000,2019-07-01,"Negative"
"Ireland","2019","06",75391000,56440000,"2019 Jun",-18951000,131831000,2019-06-01,"Negative"
"Ireland","2019","05",79185000,46114000,"2019 May",-33071000,125299000,2019-05-01,"Negative"
"Ireland","2019","04",67070000,44239000,"2019 Apr",-22831000,111309000,2019-04-01,"Negative"
"Ireland","2019","03",87004000,17395000,"2019 Mar",-69609000,104399000,2019-03-01,"Negative"
"Ireland","2019","02",67519000,33801000,"2019 Feb",-33718000,101320000,2019-02-01,"Negative"
"Ireland","2019","01",81991000,83634000,"2019 Jan",1643000,165625000,2019-01-01,"Positive"
"Ireland","2018","12",134375000,18733000,"2018 Dec",-115642000,153108000,2018-12-01,"Negative"
"Ireland","2018","11",114510000,25028000,"2018 Nov",-89482000,139538000,2018-11-01,"Negative"
"Ireland","2018","10",112652000,49539000,"2018 Oct",-63113000,162191000,2018-10-01,"Negative"
"Ireland","2018","09",117424000,40495000,"2018 Sep",-76929000,157919000,2018-09-01,"Negative"
"Ireland","2018","08",132076000,66542000,"2018 Aug",-65534000,198618000,2018-08-01,"Negative"
"Ireland","2018","07",106254000,14946000,"2018 Jul",-91308000,121200000,2018-07-01,"Negative"
"Ireland","2018","06",106302000,51098000,"2018 Jun",-55204000,157400000,2018-06-01,"Negative"
"Ireland","2018","05",102765000,38985000,"2018 May",-63780000,141750000,2018-05-01,"Negative"
"Ireland","2018","04",93967000,19999000,"2018 Apr",-73968000,113966000,2018-04-01,"Negative"
"Ireland","2018","03",106458000,23946000,"2018 Mar",-82512000,130404000,2018-03-01,"Negative"
"Ireland","2018","02",91305000,44696000,"2018 Feb",-46609000,136001000,2018-02-01,"Negative"
"Ireland","2018","01",97886000,34583000,"2018 Jan",-63303000,132469000,2018-01-01,"Negative"
"Italy","2022","01",567323000,114199000,"2022 Jan",-453124000,681522000,2022-01-01,"Negative"
"Italy","2021","12",638714000,117893000,"2021 Dec",-520821000,756607000,2021-12-01,"Negative"
"Italy","2021","11",691514000,94072000,"2021 Nov",-597442000,785586000,2021-11-01,"Negative"
"Italy","2021","10",554736000,105439000,"2021 Oct",-449297000,660175000,2021-10-01,"Negative"
"Italy","2021","09",420816000,92937000,"2021 Sep",-327879000,513753000,2021-09-01,"Negative"
"Italy","2021","08",483107000,76819000,"2021 Aug",-406288000,559926000,2021-08-01,"Negative"
"Italy","2021","07",516562000,110520000,"2021 Jul",-406042000,627082000,2021-07-01,"Negative"
"Italy","2021","06",616494000,110337000,"2021 Jun",-506157000,726831000,2021-06-01,"Negative"
"Italy","2021","05",571999000,101415000,"2021 May",-470584000,673414000,2021-05-01,"Negative"
"Italy","2021","04",611275000,111104000,"2021 Apr",-500171000,722379000,2021-04-01,"Negative"
"Italy","2021","03",520491000,89175000,"2021 Mar",-431316000,609666000,2021-03-01,"Negative"
"Italy","2021","02",485485000,103583000,"2021 Feb",-381902000,589068000,2021-02-01,"Negative"
"Italy","2021","01",527951000,70294000,"2021 Jan",-457657000,598245000,2021-01-01,"Negative"
"Italy","2020","12",613730000,69085000,"2020 Dec",-544645000,682815000,2020-12-01,"Negative"
"Italy","2020","11",476816000,58627000,"2020 Nov",-418189000,535443000,2020-11-01,"Negative"
"Italy","2020","10",487904000,95575000,"2020 Oct",-392329000,583479000,2020-10-01,"Negative"
"Italy","2020","09",409767000,95369000,"2020 Sep",-314398000,505136000,2020-09-01,"Negative"
"Italy","2020","08",461599000,60203000,"2020 Aug",-401396000,521802000,2020-08-01,"Negative"
"Italy","2020","07",382371000,90617000,"2020 Jul",-291754000,472988000,2020-07-01,"Negative"
"Italy","2020","06",442728000,87036000,"2020 Jun",-355692000,529764000,2020-06-01,"Negative"
"Italy","2020","05",295412000,56620000,"2020 May",-238792000,352032000,2020-05-01,"Negative"
"Italy","2020","04",347814000,85844000,"2020 Apr",-261970000,433658000,2020-04-01,"Negative"
"Italy","2020","03",511874000,66789000,"2020 Mar",-445085000,578663000,2020-03-01,"Negative"
"Italy","2020","02",493798000,149231000,"2020 Feb",-344567000,643029000,2020-02-01,"Negative"
"Italy","2020","01",512050000,96267000,"2020 Jan",-415783000,608317000,2020-01-01,"Negative"
"Italy","2019","12",547815000,60013000,"2019 Dec",-487802000,607828000,2019-12-01,"Negative"
"Italy","2019","11",544113000,63034000,"2019 Nov",-481079000,607147000,2019-11-01,"Negative"
"Italy","2019","10",499738000,75656000,"2019 Oct",-424082000,575394000,2019-10-01,"Negative"
"Italy","2019","09",350214000,99466000,"2019 Sep",-250748000,449680000,2019-09-01,"Negative"
"Italy","2019","08",451463000,75998000,"2019 Aug",-375465000,527461000,2019-08-01,"Negative"
"Italy","2019","07",486021000,79456000,"2019 Jul",-406565000,565477000,2019-07-01,"Negative"
"Italy","2019","06",420572000,76213000,"2019 Jun",-344359000,496785000,2019-06-01,"Negative"
"Italy","2019","05",479798000,111059000,"2019 May",-368739000,590857000,2019-05-01,"Negative"
"Italy","2019","04",485156000,85858000,"2019 Apr",-399298000,571014000,2019-04-01,"Negative"
"Italy","2019","03",534335000,153453000,"2019 Mar",-380882000,687788000,2019-03-01,"Negative"
"Italy","2019","02",356456000,83283000,"2019 Feb",-273173000,439739000,2019-02-01,"Negative"
"Italy","2019","01",501477000,87126000,"2019 Jan",-414351000,588603000,2019-01-01,"Negative"
"Italy","2018","12",554921000,96435000,"2018 Dec",-458486000,651356000,2018-12-01,"Negative"
"Italy","2018","11",518761000,79367000,"2018 Nov",-439394000,598128000,2018-11-01,"Negative"
"Italy","2018","10",499364000,97087000,"2018 Oct",-402277000,596451000,2018-10-01,"Negative"
"Italy","2018","09",322961000,107094000,"2018 Sep",-215867000,430055000,2018-09-01,"Negative"
"Italy","2018","08",559866000,82112000,"2018 Aug",-477754000,641978000,2018-08-01,"Negative"
"Italy","2018","07",560918000,84836000,"2018 Jul",-476082000,645754000,2018-07-01,"Negative"
"Italy","2018","06",441917000,87725000,"2018 Jun",-354192000,529642000,2018-06-01,"Negative"
"Italy","2018","05",639971000,105292000,"2018 May",-534679000,745263000,2018-05-01,"Negative"
"Italy","2018","04",444245000,78752000,"2018 Apr",-365493000,522997000,2018-04-01,"Negative"
"Italy","2018","03",488570000,133945000,"2018 Mar",-354625000,622515000,2018-03-01,"Negative"
"Italy","2018","02",442373000,85574000,"2018 Feb",-356799000,527947000,2018-02-01,"Negative"
"Italy","2018","01",389771000,93675000,"2018 Jan",-296096000,483446000,2018-01-01,"Negative"
"Luxembourg","2022","01",32098000,10674000,"2022 Jan",-21424000,42772000,2022-01-01,"Negative"
"Luxembourg","2021","12",3859000,9588000,"2021 Dec",5729000,13447000,2021-12-01,"Positive"
"Luxembourg","2021","11",3579000,11952000,"2021 Nov",8373000,15531000,2021-11-01,"Positive"
"Luxembourg","2021","10",5167000,4759000,"2021 Oct",-408000,9926000,2021-10-01,"Negative"
"Luxembourg","2021","09",7454000,10606000,"2021 Sep",3152000,18060000,2021-09-01,"Positive"
"Luxembourg","2021","08",2048000,20734000,"2021 Aug",18686000,22782000,2021-08-01,"Positive"
"Luxembourg","2021","07",3486000,8895000,"2021 Jul",5409000,12381000,2021-07-01,"Positive"
"Luxembourg","2021","06",3702000,6347000,"2021 Jun",2645000,10049000,2021-06-01,"Positive"
"Luxembourg","2021","05",2260000,17791000,"2021 May",15531000,20051000,2021-05-01,"Positive"
"Luxembourg","2021","04",4257000,23390000,"2021 Apr",19133000,27647000,2021-04-01,"Positive"
"Luxembourg","2021","03",3079000,11507000,"2021 Mar",8428000,14586000,2021-03-01,"Positive"
"Luxembourg","2021","02",5380000,9241000,"2021 Feb",3861000,14621000,2021-02-01,"Positive"
"Luxembourg","2021","01",2567000,29625000,"2021 Jan",27058000,32192000,2021-01-01,"Positive"
"Luxembourg","2020","12",11891000,20974000,"2020 Dec",9083000,32865000,2020-12-01,"Positive"
"Luxembourg","2020","11",3758000,22768000,"2020 Nov",19010000,26526000,2020-11-01,"Positive"
"Luxembourg","2020","10",14577000,10448000,"2020 Oct",-4129000,25025000,2020-10-01,"Negative"
"Luxembourg","2020","09",3471000,6001000,"2020 Sep",2530000,9472000,2020-09-01,"Positive"
"Luxembourg","2020","08",3479000,10637000,"2020 Aug",7158000,14116000,2020-08-01,"Positive"
"Luxembourg","2020","07",29389000,47737000,"2020 Jul",18348000,77126000,2020-07-01,"Positive"
"Luxembourg","2020","06",23619000,12259000,"2020 Jun",-11360000,35878000,2020-06-01,"Negative"
"Luxembourg","2020","05",3436000,13490000,"2020 May",10054000,16926000,2020-05-01,"Positive"
"Luxembourg","2020","04",44095000,11112000,"2020 Apr",-32983000,55207000,2020-04-01,"Negative"
"Luxembourg","2020","03",5787000,4213000,"2020 Mar",-1574000,1e+07,2020-03-01,"Negative"
"Luxembourg","2020","02",2715000,29228000,"2020 Feb",26513000,31943000,2020-02-01,"Positive"
"Luxembourg","2020","01",9204000,33896000,"2020 Jan",24692000,43100000,2020-01-01,"Positive"
"Luxembourg","2019","12",2205000,12166000,"2019 Dec",9961000,14371000,2019-12-01,"Positive"
"Luxembourg","2019","11",70742000,11691000,"2019 Nov",-59051000,82433000,2019-11-01,"Negative"
"Luxembourg","2019","10",4511000,10664000,"2019 Oct",6153000,15175000,2019-10-01,"Positive"
"Luxembourg","2019","09",3546000,8097000,"2019 Sep",4551000,11643000,2019-09-01,"Positive"
"Luxembourg","2019","08",3438000,15148000,"2019 Aug",11710000,18586000,2019-08-01,"Positive"
"Luxembourg","2019","07",7249000,19069000,"2019 Jul",11820000,26318000,2019-07-01,"Positive"
"Luxembourg","2019","06",9804000,13156000,"2019 Jun",3352000,22960000,2019-06-01,"Positive"
"Luxembourg","2019","05",5269000,13103000,"2019 May",7834000,18372000,2019-05-01,"Positive"
"Luxembourg","2019","04",3639000,19272000,"2019 Apr",15633000,22911000,2019-04-01,"Positive"
"Luxembourg","2019","03",7683000,15312000,"2019 Mar",7629000,22995000,2019-03-01,"Positive"
"Luxembourg","2019","02",3729000,10008000,"2019 Feb",6279000,13737000,2019-02-01,"Positive"
"Luxembourg","2019","01",13128000,26582000,"2019 Jan",13454000,39710000,2019-01-01,"Positive"
"Luxembourg","2018","12",43668000,28777000,"2018 Dec",-14891000,72445000,2018-12-01,"Negative"
"Luxembourg","2018","11",1442000,23229000,"2018 Nov",21787000,24671000,2018-11-01,"Positive"
"Luxembourg","2018","10",37334000,13324000,"2018 Oct",-24010000,50658000,2018-10-01,"Negative"
"Luxembourg","2018","09",4254000,10402000,"2018 Sep",6148000,14656000,2018-09-01,"Positive"
"Luxembourg","2018","08",3150000,6288000,"2018 Aug",3138000,9438000,2018-08-01,"Positive"
"Luxembourg","2018","07",6807000,6540000,"2018 Jul",-267000,13347000,2018-07-01,"Negative"
"Luxembourg","2018","06",5050000,18646000,"2018 Jun",13596000,23696000,2018-06-01,"Positive"
"Luxembourg","2018","05",4845000,4834000,"2018 May",-11000,9679000,2018-05-01,"Negative"
"Luxembourg","2018","04",2235000,5273000,"2018 Apr",3038000,7508000,2018-04-01,"Positive"
"Luxembourg","2018","03",6764000,3737000,"2018 Mar",-3027000,10501000,2018-03-01,"Negative"
"Luxembourg","2018","02",10881000,11417000,"2018 Feb",536000,22298000,2018-02-01,"Positive"
"Luxembourg","2018","01",7607000,5184000,"2018 Jan",-2423000,12791000,2018-01-01,"Negative"
"Netherlands","2022","01",261507000,1133245000,"2022 Jan",871738000,1394752000,2022-01-01,"Positive"
"Netherlands","2021","12",301866000,1090263000,"2021 Dec",788397000,1392129000,2021-12-01,"Positive"
"Netherlands","2021","11",323512000,1192539000,"2021 Nov",869027000,1516051000,2021-11-01,"Positive"
"Netherlands","2021","10",246274000,1162452000,"2021 Oct",916178000,1408726000,2021-10-01,"Positive"
"Netherlands","2021","09",277208000,1129749000,"2021 Sep",852541000,1406957000,2021-09-01,"Positive"
"Netherlands","2021","08",432933000,1126958000,"2021 Aug",694025000,1559891000,2021-08-01,"Positive"
"Netherlands","2021","07",399429000,1008226000,"2021 Jul",608797000,1407655000,2021-07-01,"Positive"
"Netherlands","2021","06",447162000,1033589000,"2021 Jun",586427000,1480751000,2021-06-01,"Positive"
"Netherlands","2021","05",288247000,1248771000,"2021 May",960524000,1537018000,2021-05-01,"Positive"
"Netherlands","2021","04",470044000,1074545000,"2021 Apr",604501000,1544589000,2021-04-01,"Positive"
"Netherlands","2021","03",393519000,1220016000,"2021 Mar",826497000,1613535000,2021-03-01,"Positive"
"Netherlands","2021","02",250998000,861007000,"2021 Feb",610009000,1112005000,2021-02-01,"Positive"
"Netherlands","2021","01",356221000,920221000,"2021 Jan",5.64e+08,1276442000,2021-01-01,"Positive"
"Netherlands","2020","12",257892000,1090919000,"2020 Dec",833027000,1348811000,2020-12-01,"Positive"
"Netherlands","2020","11",296798000,932838000,"2020 Nov",636040000,1229636000,2020-11-01,"Positive"
"Netherlands","2020","10",303736000,1118627000,"2020 Oct",814891000,1422363000,2020-10-01,"Positive"
"Netherlands","2020","09",373881000,1029741000,"2020 Sep",655860000,1403622000,2020-09-01,"Positive"
"Netherlands","2020","08",286459000,1231532000,"2020 Aug",945073000,1517991000,2020-08-01,"Positive"
"Netherlands","2020","07",252322000,1164695000,"2020 Jul",912373000,1417017000,2020-07-01,"Positive"
"Netherlands","2020","06",273072000,1486744000,"2020 Jun",1213672000,1759816000,2020-06-01,"Positive"
"Netherlands","2020","05",255200000,1364868000,"2020 May",1109668000,1620068000,2020-05-01,"Positive"
"Netherlands","2020","04",269347000,1226948000,"2020 Apr",957601000,1496295000,2020-04-01,"Positive"
"Netherlands","2020","03",296540000,1250263000,"2020 Mar",953723000,1546803000,2020-03-01,"Positive"
"Netherlands","2020","02",231398000,1139493000,"2020 Feb",908095000,1370891000,2020-02-01,"Positive"
"Netherlands","2020","01",283975000,1082003000,"2020 Jan",798028000,1365978000,2020-01-01,"Positive"
"Netherlands","2019","12",243929000,924561000,"2019 Dec",680632000,1168490000,2019-12-01,"Positive"
"Netherlands","2019","11",382026000,1085006000,"2019 Nov",702980000,1467032000,2019-11-01,"Positive"
"Netherlands","2019","10",248639000,1014106000,"2019 Oct",765467000,1262745000,2019-10-01,"Positive"
"Netherlands","2019","09",262842000,761725000,"2019 Sep",498883000,1024567000,2019-09-01,"Positive"
"Netherlands","2019","08",496961000,866614000,"2019 Aug",369653000,1363575000,2019-08-01,"Positive"
"Netherlands","2019","07",298550000,1108801000,"2019 Jul",810251000,1407351000,2019-07-01,"Positive"
"Netherlands","2019","06",270901000,934829000,"2019 Jun",663928000,1205730000,2019-06-01,"Positive"
"Netherlands","2019","05",510772000,1110456000,"2019 May",599684000,1621228000,2019-05-01,"Positive"
"Netherlands","2019","04",541246000,781693000,"2019 Apr",240447000,1322939000,2019-04-01,"Positive"
"Netherlands","2019","03",356087000,950939000,"2019 Mar",594852000,1307026000,2019-03-01,"Positive"
"Netherlands","2019","02",301919000,957909000,"2019 Feb",655990000,1259828000,2019-02-01,"Positive"
"Netherlands","2019","01",356248000,1226179000,"2019 Jan",869931000,1582427000,2019-01-01,"Positive"
"Netherlands","2018","12",482479000,953352000,"2018 Dec",470873000,1435831000,2018-12-01,"Positive"
"Netherlands","2018","11",401239000,1081974000,"2018 Nov",680735000,1483213000,2018-11-01,"Positive"
"Netherlands","2018","10",374228000,937128000,"2018 Oct",562900000,1311356000,2018-10-01,"Positive"
"Netherlands","2018","09",504687000,839334000,"2018 Sep",334647000,1344021000,2018-09-01,"Positive"
"Netherlands","2018","08",466045000,1190028000,"2018 Aug",723983000,1656073000,2018-08-01,"Positive"
"Netherlands","2018","07",638358000,1029855000,"2018 Jul",391497000,1668213000,2018-07-01,"Positive"
"Netherlands","2018","06",419453000,914335000,"2018 Jun",494882000,1333788000,2018-06-01,"Positive"
"Netherlands","2018","05",561246000,1035440000,"2018 May",474194000,1596686000,2018-05-01,"Positive"
"Netherlands","2018","04",410885000,1044722000,"2018 Apr",633837000,1455607000,2018-04-01,"Positive"
"Netherlands","2018","03",615134000,977582000,"2018 Mar",362448000,1592716000,2018-03-01,"Positive"
"Netherlands","2018","02",480056000,946138000,"2018 Feb",466082000,1426194000,2018-02-01,"Positive"
"Netherlands","2018","01",447182000,1071140000,"2018 Jan",623958000,1518322000,2018-01-01,"Positive"
"United Kingdom","2022","01",948419000,330083000,"2022 Jan",-618336000,1278502000,2022-01-01,"Negative"
"United Kingdom","2021","12",799724000,324315000,"2021 Dec",-475409000,1124039000,2021-12-01,"Negative"
"United Kingdom","2021","11",1000940000,385453000,"2021 Nov",-615487000,1386393000,2021-11-01,"Negative"
"United Kingdom","2021","10",691322000,380694000,"2021 Oct",-310628000,1072016000,2021-10-01,"Negative"
"United Kingdom","2021","09",682080000,383558000,"2021 Sep",-298522000,1065638000,2021-09-01,"Negative"
"United Kingdom","2021","08",649629000,628301000,"2021 Aug",-21328000,1277930000,2021-08-01,"Negative"
"United Kingdom","2021","07",793211000,498178000,"2021 Jul",-295033000,1291389000,2021-07-01,"Negative"
"United Kingdom","2021","06",844336000,355144000,"2021 Jun",-489192000,1199480000,2021-06-01,"Negative"
"United Kingdom","2021","05",569827000,364775000,"2021 May",-205052000,934602000,2021-05-01,"Negative"
"United Kingdom","2021","04",691934000,336185000,"2021 Apr",-355749000,1028119000,2021-04-01,"Negative"
"United Kingdom","2021","03",878956000,372084000,"2021 Mar",-506872000,1251040000,2021-03-01,"Negative"
"United Kingdom","2021","02",750573000,304588000,"2021 Feb",-445985000,1055161000,2021-02-01,"Negative"
"United Kingdom","2021","01",858409000,317961000,"2021 Jan",-540448000,1176370000,2021-01-01,"Negative"
"United Kingdom","2020","12",755324000,294080000,"2020 Dec",-461244000,1049404000,2020-12-01,"Negative"
"United Kingdom","2020","11",635420000,236817000,"2020 Nov",-398603000,872237000,2020-11-01,"Negative"
"United Kingdom","2020","10",802840000,265371000,"2020 Oct",-537469000,1068211000,2020-10-01,"Negative"
"United Kingdom","2020","09",762179000,670230000,"2020 Sep",-91949000,1432409000,2020-09-01,"Negative"
"United Kingdom","2020","08",863043000,1174141000,"2020 Aug",311098000,2037184000,2020-08-01,"Positive"
"United Kingdom","2020","07",830637000,283611000,"2020 Jul",-547026000,1114248000,2020-07-01,"Negative"
"United Kingdom","2020","06",739542000,1006811000,"2020 Jun",267269000,1746353000,2020-06-01,"Positive"
"United Kingdom","2020","05",1104023000,296497000,"2020 May",-807526000,1400520000,2020-05-01,"Negative"
"United Kingdom","2020","04",849831000,440803000,"2020 Apr",-409028000,1290634000,2020-04-01,"Negative"
"United Kingdom","2020","03",1136172000,397029000,"2020 Mar",-739143000,1533201000,2020-03-01,"Negative"
"United Kingdom","2020","02",1321706000,422200000,"2020 Feb",-899506000,1743906000,2020-02-01,"Negative"
"United Kingdom","2020","01",1104098000,362682000,"2020 Jan",-741416000,1466780000,2020-01-01,"Negative"
"United Kingdom","2019","12",1122876000,371352000,"2019 Dec",-751524000,1494228000,2019-12-01,"Negative"
"United Kingdom","2019","11",1057533000,426137000,"2019 Nov",-631396000,1483670000,2019-11-01,"Negative"
"United Kingdom","2019","10",1028921000,805061000,"2019 Oct",-223860000,1833982000,2019-10-01,"Negative"
"United Kingdom","2019","09",961614000,398734000,"2019 Sep",-562880000,1360348000,2019-09-01,"Negative"
"United Kingdom","2019","08",1044665000,683087000,"2019 Aug",-361578000,1727752000,2019-08-01,"Negative"
"United Kingdom","2019","07",881698000,695876000,"2019 Jul",-185822000,1577574000,2019-07-01,"Negative"
"United Kingdom","2019","06",852706000,351668000,"2019 Jun",-501038000,1204374000,2019-06-01,"Negative"
"United Kingdom","2019","05",977237000,517108000,"2019 May",-460129000,1494345000,2019-05-01,"Negative"
"United Kingdom","2019","04",895431000,664393000,"2019 Apr",-231038000,1559824000,2019-04-01,"Negative"
"United Kingdom","2019","03",1080983000,423984000,"2019 Mar",-656999000,1504967000,2019-03-01,"Negative"
"United Kingdom","2019","02",1074245000,285673000,"2019 Feb",-788572000,1359918000,2019-02-01,"Negative"
"United Kingdom","2019","01",1095488000,360744000,"2019 Jan",-734744000,1456232000,2019-01-01,"Negative"
"United Kingdom","2018","12",1020619000,363432000,"2018 Dec",-657187000,1384051000,2018-12-01,"Negative"
"United Kingdom","2018","11",983983000,442419000,"2018 Nov",-541564000,1426402000,2018-11-01,"Negative"
"United Kingdom","2018","10",1030963000,517999000,"2018 Oct",-512964000,1548962000,2018-10-01,"Negative"
"United Kingdom","2018","09",916726000,365073000,"2018 Sep",-551653000,1281799000,2018-09-01,"Negative"
"United Kingdom","2018","08",1260345000,345968000,"2018 Aug",-914377000,1606313000,2018-08-01,"Negative"
"United Kingdom","2018","07",1223258000,349129000,"2018 Jul",-874129000,1572387000,2018-07-01,"Negative"
"United Kingdom","2018","06",832486000,400749000,"2018 Jun",-431737000,1233235000,2018-06-01,"Negative"
"United Kingdom","2018","05",617612000,1568812000,"2018 May",951200000,2186424000,2018-05-01,"Positive"
"United Kingdom","2018","04",536259000,417371000,"2018 Apr",-118888000,953630000,2018-04-01,"Negative"
"United Kingdom","2018","03",762056000,349641000,"2018 Mar",-412415000,1111697000,2018-03-01,"Negative"
"United Kingdom","2018","02",606051000,352689000,"2018 Feb",-253362000,958740000,2018-02-01,"Negative"
"United Kingdom","2018","01",636045000,347742000,"2018 Jan",-288303000,983787000,2018-01-01,"Negative"
"Portugal","2022","01",80118000,56042000,"2022 Jan",-24076000,136160000,2022-01-01,"Negative"
"Portugal","2021","12",40730000,59486000,"2021 Dec",18756000,100216000,2021-12-01,"Positive"
"Portugal","2021","11",46248000,67869000,"2021 Nov",21621000,114117000,2021-11-01,"Positive"
"Portugal","2021","10",31786000,58961000,"2021 Oct",27175000,90747000,2021-10-01,"Positive"
"Portugal","2021","09",23695000,50150000,"2021 Sep",26455000,73845000,2021-09-01,"Positive"
"Portugal","2021","08",37947000,61307000,"2021 Aug",23360000,99254000,2021-08-01,"Positive"
"Portugal","2021","07",23965000,47079000,"2021 Jul",23114000,71044000,2021-07-01,"Positive"
"Portugal","2021","06",26654000,46457000,"2021 Jun",19803000,73111000,2021-06-01,"Positive"
"Portugal","2021","05",29598000,44171000,"2021 May",14573000,73769000,2021-05-01,"Positive"
"Portugal","2021","04",21087000,45391000,"2021 Apr",24304000,66478000,2021-04-01,"Positive"
"Portugal","2021","03",25598000,44301000,"2021 Mar",18703000,69899000,2021-03-01,"Positive"
"Portugal","2021","02",26206000,34872000,"2021 Feb",8666000,61078000,2021-02-01,"Positive"
"Portugal","2021","01",31518000,46491000,"2021 Jan",14973000,78009000,2021-01-01,"Positive"
"Portugal","2020","12",37606000,30815000,"2020 Dec",-6791000,68421000,2020-12-01,"Negative"
"Portugal","2020","11",32639000,33579000,"2020 Nov",940000,66218000,2020-11-01,"Positive"
"Portugal","2020","10",24745000,30497000,"2020 Oct",5752000,55242000,2020-10-01,"Positive"
"Portugal","2020","09",25179000,26513000,"2020 Sep",1334000,51692000,2020-09-01,"Positive"
"Portugal","2020","08",29154000,31643000,"2020 Aug",2489000,60797000,2020-08-01,"Positive"
"Portugal","2020","07",39276000,25488000,"2020 Jul",-13788000,64764000,2020-07-01,"Negative"
"Portugal","2020","06",40270000,19641000,"2020 Jun",-20629000,59911000,2020-06-01,"Negative"
"Portugal","2020","05",28262000,14869000,"2020 May",-13393000,43131000,2020-05-01,"Negative"
"Portugal","2020","04",33372000,19389000,"2020 Apr",-13983000,52761000,2020-04-01,"Negative"
"Portugal","2020","03",23454000,37641000,"2020 Mar",14187000,61095000,2020-03-01,"Positive"
"Portugal","2020","02",25936000,173042000,"2020 Feb",147106000,198978000,2020-02-01,"Positive"
"Portugal","2020","01",43064000,79493000,"2020 Jan",36429000,122557000,2020-01-01,"Positive"
"Portugal","2019","12",40867000,155369000,"2019 Dec",114502000,196236000,2019-12-01,"Positive"
"Portugal","2019","11",40650000,30275000,"2019 Nov",-10375000,70925000,2019-11-01,"Negative"
"Portugal","2019","10",33636000,161220000,"2019 Oct",127584000,194856000,2019-10-01,"Positive"
"Portugal","2019","09",28596000,42928000,"2019 Sep",14332000,71524000,2019-09-01,"Positive"
"Portugal","2019","08",26071000,43577000,"2019 Aug",17506000,69648000,2019-08-01,"Positive"
"Portugal","2019","07",36226000,44311000,"2019 Jul",8085000,80537000,2019-07-01,"Positive"
"Portugal","2019","06",41594000,50526000,"2019 Jun",8932000,92120000,2019-06-01,"Positive"
"Portugal","2019","05",36246000,37715000,"2019 May",1469000,73961000,2019-05-01,"Positive"
"Portugal","2019","04",50938000,33753000,"2019 Apr",-17185000,84691000,2019-04-01,"Negative"
"Portugal","2019","03",48791000,35742000,"2019 Mar",-13049000,84533000,2019-03-01,"Negative"
"Portugal","2019","02",38947000,36920000,"2019 Feb",-2027000,75867000,2019-02-01,"Negative"
"Portugal","2019","01",48023000,40069000,"2019 Jan",-7954000,88092000,2019-01-01,"Negative"
"Portugal","2018","12",41865000,49595000,"2018 Dec",7730000,91460000,2018-12-01,"Positive"
"Portugal","2018","11",53847000,53737000,"2018 Nov",-110000,107584000,2018-11-01,"Negative"
"Portugal","2018","10",39422000,49718000,"2018 Oct",10296000,89140000,2018-10-01,"Positive"
"Portugal","2018","09",35846000,41238000,"2018 Sep",5392000,77084000,2018-09-01,"Positive"
"Portugal","2018","08",52295000,48285000,"2018 Aug",-4010000,100580000,2018-08-01,"Negative"
"Portugal","2018","07",39469000,34460000,"2018 Jul",-5009000,73929000,2018-07-01,"Negative"
"Portugal","2018","06",38604000,55119000,"2018 Jun",16515000,93723000,2018-06-01,"Positive"
"Portugal","2018","05",50418000,40914000,"2018 May",-9504000,91332000,2018-05-01,"Negative"
"Portugal","2018","04",52668000,43831000,"2018 Apr",-8837000,96499000,2018-04-01,"Negative"
"Portugal","2018","03",50791000,54128000,"2018 Mar",3337000,104919000,2018-03-01,"Positive"
"Portugal","2018","02",41280000,52670000,"2018 Feb",11390000,93950000,2018-02-01,"Positive"
"Portugal","2018","01",51322000,36070000,"2018 Jan",-15252000,87392000,2018-01-01,"Negative"
"Spain","2022","01",161157000,67023000,"2022 Jan",-94134000,228180000,2022-01-01,"Negative"
"Spain","2021","12",224196000,40324000,"2021 Dec",-183872000,264520000,2021-12-01,"Negative"
"Spain","2021","11",241436000,42333000,"2021 Nov",-199103000,283769000,2021-11-01,"Negative"
"Spain","2021","10",136456000,48563000,"2021 Oct",-87893000,185019000,2021-10-01,"Negative"
"Spain","2021","09",127511000,29326000,"2021 Sep",-98185000,156837000,2021-09-01,"Negative"
"Spain","2021","08",127928000,148569000,"2021 Aug",20641000,276497000,2021-08-01,"Positive"
"Spain","2021","07",161918000,45205000,"2021 Jul",-116713000,207123000,2021-07-01,"Negative"
"Spain","2021","06",158635000,32889000,"2021 Jun",-125746000,191524000,2021-06-01,"Negative"
"Spain","2021","05",151689000,30847000,"2021 May",-120842000,182536000,2021-05-01,"Negative"
"Spain","2021","04",122269000,29869000,"2021 Apr",-92400000,152138000,2021-04-01,"Negative"
"Spain","2021","03",1.52e+08,27462000,"2021 Mar",-124538000,179462000,2021-03-01,"Negative"
"Spain","2021","02",74255000,62422000,"2021 Feb",-11833000,136677000,2021-02-01,"Negative"
"Spain","2021","01",96740000,31175000,"2021 Jan",-65565000,127915000,2021-01-01,"Negative"
"Spain","2020","12",122939000,32110000,"2020 Dec",-90829000,155049000,2020-12-01,"Negative"
"Spain","2020","11",102382000,45953000,"2020 Nov",-56429000,148335000,2020-11-01,"Negative"
"Spain","2020","10",108532000,38194000,"2020 Oct",-70338000,146726000,2020-10-01,"Negative"
"Spain","2020","09",105065000,26484000,"2020 Sep",-78581000,131549000,2020-09-01,"Negative"
"Spain","2020","08",96174000,50855000,"2020 Aug",-45319000,147029000,2020-08-01,"Negative"
"Spain","2020","07",116899000,166614000,"2020 Jul",49715000,283513000,2020-07-01,"Positive"
"Spain","2020","06",90908000,37339000,"2020 Jun",-53569000,128247000,2020-06-01,"Negative"
"Spain","2020","05",111422000,19345000,"2020 May",-92077000,130767000,2020-05-01,"Negative"
"Spain","2020","04",83269000,16215000,"2020 Apr",-67054000,99484000,2020-04-01,"Negative"
"Spain","2020","03",130455000,38771000,"2020 Mar",-91684000,169226000,2020-03-01,"Negative"
"Spain","2020","02",130066000,35046000,"2020 Feb",-95020000,165112000,2020-02-01,"Negative"
"Spain","2020","01",122480000,33043000,"2020 Jan",-89437000,155523000,2020-01-01,"Negative"
"Spain","2019","12",157102000,37653000,"2019 Dec",-119449000,194755000,2019-12-01,"Negative"
"Spain","2019","11",146304000,35571000,"2019 Nov",-110733000,181875000,2019-11-01,"Negative"
"Spain","2019","10",144830000,155891000,"2019 Oct",11061000,300721000,2019-10-01,"Positive"
"Spain","2019","09",130236000,162778000,"2019 Sep",32542000,293014000,2019-09-01,"Positive"
"Spain","2019","08",140925000,28710000,"2019 Aug",-112215000,169635000,2019-08-01,"Negative"
"Spain","2019","07",153280000,37808000,"2019 Jul",-115472000,191088000,2019-07-01,"Negative"
"Spain","2019","06",112776000,30822000,"2019 Jun",-81954000,143598000,2019-06-01,"Negative"
"Spain","2019","05",142400000,45039000,"2019 May",-97361000,187439000,2019-05-01,"Negative"
"Spain","2019","04",126203000,57638000,"2019 Apr",-68565000,183841000,2019-04-01,"Negative"
"Spain","2019","03",136887000,177541000,"2019 Mar",40654000,314428000,2019-03-01,"Positive"
"Spain","2019","02",103200000,23879000,"2019 Feb",-79321000,127079000,2019-02-01,"Negative"
"Spain","2019","01",104136000,26099000,"2019 Jan",-78037000,130235000,2019-01-01,"Negative"
"Spain","2018","12",114838000,125414000,"2018 Dec",10576000,240252000,2018-12-01,"Positive"
"Spain","2018","11",119377000,33434000,"2018 Nov",-85943000,152811000,2018-11-01,"Negative"
"Spain","2018","10",112872000,27234000,"2018 Oct",-85638000,140106000,2018-10-01,"Negative"
"Spain","2018","09",145376000,26108000,"2018 Sep",-119268000,171484000,2018-09-01,"Negative"
"Spain","2018","08",168716000,33397000,"2018 Aug",-135319000,202113000,2018-08-01,"Negative"
"Spain","2018","07",182795000,36698000,"2018 Jul",-146097000,219493000,2018-07-01,"Negative"
"Spain","2018","06",147522000,26802000,"2018 Jun",-120720000,174324000,2018-06-01,"Negative"
"Spain","2018","05",157615000,34677000,"2018 May",-122938000,192292000,2018-05-01,"Negative"
"Spain","2018","04",176789000,32058000,"2018 Apr",-144731000,208847000,2018-04-01,"Negative"
"Spain","2018","03",140070000,38446000,"2018 Mar",-101624000,178516000,2018-03-01,"Negative"
"Spain","2018","02",101073000,28507000,"2018 Feb",-72566000,129580000,2018-02-01,"Negative"
"Spain","2018","01",113917000,43695000,"2018 Jan",-70222000,157612000,2018-01-01,"Negative"
"Austria","2022","01",83130000,39656000,"2022 Jan",-43474000,122786000,2022-01-01,"Negative"
"Austria","2021","12",83670000,33729000,"2021 Dec",-49941000,117399000,2021-12-01,"Negative"
"Austria","2021","11",103436000,32128000,"2021 Nov",-71308000,135564000,2021-11-01,"Negative"
"Austria","2021","10",100316000,36829000,"2021 Oct",-63487000,137145000,2021-10-01,"Negative"
"Austria","2021","09",162633000,35993000,"2021 Sep",-126640000,198626000,2021-09-01,"Negative"
"Austria","2021","08",83447000,50973000,"2021 Aug",-32474000,134420000,2021-08-01,"Negative"
"Austria","2021","07",88077000,25669000,"2021 Jul",-62408000,113746000,2021-07-01,"Negative"
"Austria","2021","06",96163000,34712000,"2021 Jun",-61451000,130875000,2021-06-01,"Negative"
"Austria","2021","05",101445000,25027000,"2021 May",-76418000,126472000,2021-05-01,"Negative"
"Austria","2021","04",94048000,37524000,"2021 Apr",-56524000,131572000,2021-04-01,"Negative"
"Austria","2021","03",99453000,50420000,"2021 Mar",-49033000,149873000,2021-03-01,"Negative"
"Austria","2021","02",71945000,16523000,"2021 Feb",-55422000,88468000,2021-02-01,"Negative"
"Austria","2021","01",81536000,21458000,"2021 Jan",-60078000,102994000,2021-01-01,"Negative"
"Austria","2020","12",82619000,17658000,"2020 Dec",-64961000,100277000,2020-12-01,"Negative"
"Austria","2020","11",65703000,15554000,"2020 Nov",-50149000,81257000,2020-11-01,"Negative"
"Austria","2020","10",78136000,23572000,"2020 Oct",-54564000,101708000,2020-10-01,"Negative"
"Austria","2020","09",72914000,28907000,"2020 Sep",-44007000,101821000,2020-09-01,"Negative"
"Austria","2020","08",62639000,20772000,"2020 Aug",-41867000,83411000,2020-08-01,"Negative"
"Austria","2020","07",74273000,19713000,"2020 Jul",-54560000,93986000,2020-07-01,"Negative"
"Austria","2020","06",62225000,18522000,"2020 Jun",-43703000,80747000,2020-06-01,"Negative"
"Austria","2020","05",55455000,17106000,"2020 May",-38349000,72561000,2020-05-01,"Negative"
"Austria","2020","04",95240000,17305000,"2020 Apr",-77935000,112545000,2020-04-01,"Negative"
"Austria","2020","03",74845000,20216000,"2020 Mar",-54629000,95061000,2020-03-01,"Negative"
"Austria","2020","02",73180000,29566000,"2020 Feb",-43614000,102746000,2020-02-01,"Negative"
"Austria","2020","01",80100000,25822000,"2020 Jan",-54278000,105922000,2020-01-01,"Negative"
"Austria","2019","12",79945000,20887000,"2019 Dec",-59058000,100832000,2019-12-01,"Negative"
"Austria","2019","11",73539000,21750000,"2019 Nov",-51789000,95289000,2019-11-01,"Negative"
"Austria","2019","10",75970000,28668000,"2019 Oct",-47302000,104638000,2019-10-01,"Negative"
"Austria","2019","09",73687000,67852000,"2019 Sep",-5835000,141539000,2019-09-01,"Negative"
"Austria","2019","08",83071000,24850000,"2019 Aug",-58221000,107921000,2019-08-01,"Negative"
"Austria","2019","07",84988000,21604000,"2019 Jul",-63384000,106592000,2019-07-01,"Negative"
"Austria","2019","06",69327000,18590000,"2019 Jun",-50737000,87917000,2019-06-01,"Negative"
"Austria","2019","05",85473000,19127000,"2019 May",-66346000,104600000,2019-05-01,"Negative"
"Austria","2019","04",83561000,17023000,"2019 Apr",-66538000,100584000,2019-04-01,"Negative"
"Austria","2019","03",92342000,32495000,"2019 Mar",-59847000,124837000,2019-03-01,"Negative"
"Austria","2019","02",79753000,22659000,"2019 Feb",-57094000,102412000,2019-02-01,"Negative"
"Austria","2019","01",88981000,44319000,"2019 Jan",-44662000,133300000,2019-01-01,"Negative"
"Austria","2018","12",86451000,26872000,"2018 Dec",-59579000,113323000,2018-12-01,"Negative"
"Austria","2018","11",87944000,44466000,"2018 Nov",-43478000,132410000,2018-11-01,"Negative"
"Austria","2018","10",96967000,26068000,"2018 Oct",-70899000,123035000,2018-10-01,"Negative"
"Austria","2018","09",108518000,29652000,"2018 Sep",-78866000,138170000,2018-09-01,"Negative"
"Austria","2018","08",88468000,51995000,"2018 Aug",-36473000,140463000,2018-08-01,"Negative"
"Austria","2018","07",86119000,25506000,"2018 Jul",-60613000,111625000,2018-07-01,"Negative"
"Austria","2018","06",83693000,45439000,"2018 Jun",-38254000,129132000,2018-06-01,"Negative"
"Austria","2018","05",90456000,24563000,"2018 May",-65893000,115019000,2018-05-01,"Negative"
"Austria","2018","04",92519000,19359000,"2018 Apr",-73160000,111878000,2018-04-01,"Negative"
"Austria","2018","03",89243000,23050000,"2018 Mar",-66193000,112293000,2018-03-01,"Negative"
"Austria","2018","02",75635000,18293000,"2018 Feb",-57342000,93928000,2018-02-01,"Negative"
"Austria","2018","01",96932000,24164000,"2018 Jan",-72768000,121096000,2018-01-01,"Negative"
"Finland","2022","01",59916000,61822000,"2022 Jan",1906000,121738000,2022-01-01,"Positive"
"Finland","2021","12",49936000,58290000,"2021 Dec",8354000,108226000,2021-12-01,"Positive"
"Finland","2021","11",36026000,36115000,"2021 Nov",89000,72141000,2021-11-01,"Positive"
"Finland","2021","10",46534000,47635000,"2021 Oct",1101000,94169000,2021-10-01,"Positive"
"Finland","2021","09",40729000,15547000,"2021 Sep",-25182000,56276000,2021-09-01,"Negative"
"Finland","2021","08",49240000,15854000,"2021 Aug",-33386000,65094000,2021-08-01,"Negative"
"Finland","2021","07",37715000,16891000,"2021 Jul",-20824000,54606000,2021-07-01,"Negative"
"Finland","2021","06",32498000,9637000,"2021 Jun",-22861000,42135000,2021-06-01,"Negative"
"Finland","2021","05",34773000,8534000,"2021 May",-26239000,43307000,2021-05-01,"Negative"
"Finland","2021","04",36804000,20107000,"2021 Apr",-16697000,56911000,2021-04-01,"Negative"
"Finland","2021","03",42688000,8859000,"2021 Mar",-33829000,51547000,2021-03-01,"Negative"
"Finland","2021","02",28963000,8735000,"2021 Feb",-20228000,37698000,2021-02-01,"Negative"
"Finland","2021","01",27919000,11249000,"2021 Jan",-16670000,39168000,2021-01-01,"Negative"
"Finland","2020","12",34795000,9682000,"2020 Dec",-25113000,44477000,2020-12-01,"Negative"
"Finland","2020","11",35730000,7448000,"2020 Nov",-28282000,43178000,2020-11-01,"Negative"
"Finland","2020","10",34951000,7096000,"2020 Oct",-27855000,42047000,2020-10-01,"Negative"
"Finland","2020","09",36908000,5477000,"2020 Sep",-31431000,42385000,2020-09-01,"Negative"
"Finland","2020","08",34716000,5426000,"2020 Aug",-29290000,40142000,2020-08-01,"Negative"
"Finland","2020","07",44018000,5374000,"2020 Jul",-38644000,49392000,2020-07-01,"Negative"
"Finland","2020","06",40693000,5215000,"2020 Jun",-35478000,45908000,2020-06-01,"Negative"
"Finland","2020","05",31694000,6800000,"2020 May",-24894000,38494000,2020-05-01,"Negative"
"Finland","2020","04",34650000,4317000,"2020 Apr",-30333000,38967000,2020-04-01,"Negative"
"Finland","2020","03",45871000,19752000,"2020 Mar",-26119000,65623000,2020-03-01,"Negative"
"Finland","2020","02",34683000,8878000,"2020 Feb",-25805000,43561000,2020-02-01,"Negative"
"Finland","2020","01",29925000,8439000,"2020 Jan",-21486000,38364000,2020-01-01,"Negative"
"Finland","2019","12",41412000,8844000,"2019 Dec",-32568000,50256000,2019-12-01,"Negative"
"Finland","2019","11",31802000,8521000,"2019 Nov",-23281000,40323000,2019-11-01,"Negative"
"Finland","2019","10",47419000,7298000,"2019 Oct",-40121000,54717000,2019-10-01,"Negative"
"Finland","2019","09",35927000,13439000,"2019 Sep",-22488000,49366000,2019-09-01,"Negative"
"Finland","2019","08",40010000,10443000,"2019 Aug",-29567000,50453000,2019-08-01,"Negative"
"Finland","2019","07",41773000,9315000,"2019 Jul",-32458000,51088000,2019-07-01,"Negative"
"Finland","2019","06",33781000,9940000,"2019 Jun",-23841000,43721000,2019-06-01,"Negative"
"Finland","2019","05",41769000,12583000,"2019 May",-29186000,54352000,2019-05-01,"Negative"
"Finland","2019","04",40197000,7670000,"2019 Apr",-32527000,47867000,2019-04-01,"Negative"
"Finland","2019","03",45076000,12681000,"2019 Mar",-32395000,57757000,2019-03-01,"Negative"
"Finland","2019","02",37061000,12237000,"2019 Feb",-24824000,49298000,2019-02-01,"Negative"
"Finland","2019","01",37294000,11566000,"2019 Jan",-25728000,48860000,2019-01-01,"Negative"
"Finland","2018","12",48038000,13498000,"2018 Dec",-34540000,61536000,2018-12-01,"Negative"
"Finland","2018","11",34631000,9600000,"2018 Nov",-25031000,44231000,2018-11-01,"Negative"
"Finland","2018","10",40194000,19423000,"2018 Oct",-20771000,59617000,2018-10-01,"Negative"
"Finland","2018","09",32631000,7981000,"2018 Sep",-24650000,40612000,2018-09-01,"Negative"
"Finland","2018","08",31816000,67431000,"2018 Aug",35615000,99247000,2018-08-01,"Positive"
"Finland","2018","07",26608000,8874000,"2018 Jul",-17734000,35482000,2018-07-01,"Negative"
"Finland","2018","06",39054000,11350000,"2018 Jun",-27704000,50404000,2018-06-01,"Negative"
"Finland","2018","05",31832000,6080000,"2018 May",-25752000,37912000,2018-05-01,"Negative"
"Finland","2018","04",31065000,7028000,"2018 Apr",-24037000,38093000,2018-04-01,"Negative"
"Finland","2018","03",31717000,17668000,"2018 Mar",-14049000,49385000,2018-03-01,"Negative"
"Finland","2018","02",26323000,6178000,"2018 Feb",-20145000,32501000,2018-02-01,"Negative"
"Finland","2018","01",28548000,13316000,"2018 Jan",-15232000,41864000,2018-01-01,"Negative"
"Sweden","2022","01",149110000,13597000,"2022 Jan",-135513000,162707000,2022-01-01,"Negative"
"Sweden","2021","12",181120000,13487000,"2021 Dec",-167633000,194607000,2021-12-01,"Negative"
"Sweden","2021","11",175272000,17510000,"2021 Nov",-157762000,192782000,2021-11-01,"Negative"
"Sweden","2021","10",204238000,18183000,"2021 Oct",-186055000,222421000,2021-10-01,"Negative"
"Sweden","2021","09",166433000,13183000,"2021 Sep",-153250000,179616000,2021-09-01,"Negative"
"Sweden","2021","08",209660000,16880000,"2021 Aug",-192780000,226540000,2021-08-01,"Negative"
"Sweden","2021","07",176030000,11893000,"2021 Jul",-164137000,187923000,2021-07-01,"Negative"
"Sweden","2021","06",185878000,14913000,"2021 Jun",-170965000,200791000,2021-06-01,"Negative"
"Sweden","2021","05",158396000,16732000,"2021 May",-141664000,175128000,2021-05-01,"Negative"
"Sweden","2021","04",173900000,20342000,"2021 Apr",-153558000,194242000,2021-04-01,"Negative"
"Sweden","2021","03",150127000,17025000,"2021 Mar",-133102000,167152000,2021-03-01,"Negative"
"Sweden","2021","02",123206000,14152000,"2021 Feb",-109054000,137358000,2021-02-01,"Negative"
"Sweden","2021","01",128405000,13449000,"2021 Jan",-114956000,141854000,2021-01-01,"Negative"
"Sweden","2020","12",161400000,14856000,"2020 Dec",-146544000,176256000,2020-12-01,"Negative"
"Sweden","2020","11",111295000,17257000,"2020 Nov",-94038000,128552000,2020-11-01,"Negative"
"Sweden","2020","10",134101000,16722000,"2020 Oct",-117379000,150823000,2020-10-01,"Negative"
"Sweden","2020","09",114475000,18006000,"2020 Sep",-96469000,132481000,2020-09-01,"Negative"
"Sweden","2020","08",84892000,15439000,"2020 Aug",-69453000,100331000,2020-08-01,"Negative"
"Sweden","2020","07",123624000,9140000,"2020 Jul",-114484000,132764000,2020-07-01,"Negative"
"Sweden","2020","06",125208000,14999000,"2020 Jun",-110209000,140207000,2020-06-01,"Negative"
"Sweden","2020","05",116142000,12139000,"2020 May",-104003000,128281000,2020-05-01,"Negative"
"Sweden","2020","04",129160000,18116000,"2020 Apr",-111044000,147276000,2020-04-01,"Negative"
"Sweden","2020","03",220796000,18976000,"2020 Mar",-201820000,239772000,2020-03-01,"Negative"
"Sweden","2020","02",98183000,24780000,"2020 Feb",-73403000,122963000,2020-02-01,"Negative"
"Sweden","2020","01",118465000,21083000,"2020 Jan",-97382000,139548000,2020-01-01,"Negative"
"Sweden","2019","12",121549000,24089000,"2019 Dec",-97460000,145638000,2019-12-01,"Negative"
"Sweden","2019","11",100731000,33017000,"2019 Nov",-67714000,133748000,2019-11-01,"Negative"
"Sweden","2019","10",129260000,21409000,"2019 Oct",-107851000,150669000,2019-10-01,"Negative"
"Sweden","2019","09",104315000,27897000,"2019 Sep",-76418000,132212000,2019-09-01,"Negative"
"Sweden","2019","08",118914000,23005000,"2019 Aug",-95909000,141919000,2019-08-01,"Negative"
"Sweden","2019","07",124470000,13216000,"2019 Jul",-111254000,137686000,2019-07-01,"Negative"
"Sweden","2019","06",123571000,16857000,"2019 Jun",-106714000,140428000,2019-06-01,"Negative"
"Sweden","2019","05",171022000,25261000,"2019 May",-145761000,196283000,2019-05-01,"Negative"
"Sweden","2019","04",139440000,20579000,"2019 Apr",-118861000,160019000,2019-04-01,"Negative"
"Sweden","2019","03",139352000,41806000,"2019 Mar",-97546000,181158000,2019-03-01,"Negative"
"Sweden","2019","02",118363000,21700000,"2019 Feb",-96663000,140063000,2019-02-01,"Negative"
"Sweden","2019","01",159314000,28203000,"2019 Jan",-131111000,187517000,2019-01-01,"Negative"
"Sweden","2018","12",113479000,18046000,"2018 Dec",-95433000,131525000,2018-12-01,"Negative"
"Sweden","2018","11",134520000,23317000,"2018 Nov",-111203000,157837000,2018-11-01,"Negative"
"Sweden","2018","10",180438000,30199000,"2018 Oct",-150239000,210637000,2018-10-01,"Negative"
"Sweden","2018","09",91353000,24194000,"2018 Sep",-67159000,115547000,2018-09-01,"Negative"
"Sweden","2018","08",138325000,22039000,"2018 Aug",-116286000,160364000,2018-08-01,"Negative"
"Sweden","2018","07",136402000,9146000,"2018 Jul",-127256000,145548000,2018-07-01,"Negative"
"Sweden","2018","06",102624000,21576000,"2018 Jun",-81048000,124200000,2018-06-01,"Negative"
"Sweden","2018","05",138119000,27768000,"2018 May",-110351000,165887000,2018-05-01,"Negative"
"Sweden","2018","04",143422000,25802000,"2018 Apr",-117620000,169224000,2018-04-01,"Negative"
"Sweden","2018","03",123753000,21791000,"2018 Mar",-101962000,145544000,2018-03-01,"Negative"
"Sweden","2018","02",110430000,20193000,"2018 Feb",-90237000,130623000,2018-02-01,"Negative"
"Sweden","2018","01",124739000,24662000,"2018 Jan",-100077000,149401000,2018-01-01,"Negative"
"Switzerland","2022","01",1374882000,297888000,"2022 Jan",-1076994000,1672770000,2022-01-01,"Negative"
"Switzerland","2021","12",773415000,310323000,"2021 Dec",-463092000,1083738000,2021-12-01,"Negative"
"Switzerland","2021","11",991215000,347697000,"2021 Nov",-643518000,1338912000,2021-11-01,"Negative"
"Switzerland","2021","10",975916000,479744000,"2021 Oct",-496172000,1455660000,2021-10-01,"Negative"
"Switzerland","2021","09",982530000,243301000,"2021 Sep",-739229000,1225831000,2021-09-01,"Negative"
"Switzerland","2021","08",592419000,319573000,"2021 Aug",-272846000,911992000,2021-08-01,"Negative"
"Switzerland","2021","07",880337000,724846000,"2021 Jul",-155491000,1605183000,2021-07-01,"Negative"
"Switzerland","2021","06",627453000,366378000,"2021 Jun",-261075000,993831000,2021-06-01,"Negative"
"Switzerland","2021","05",918046000,156627000,"2021 May",-761419000,1074673000,2021-05-01,"Negative"
"Switzerland","2021","04",1004553000,332143000,"2021 Apr",-672410000,1336696000,2021-04-01,"Negative"
"Switzerland","2021","03",1901500000,552170000,"2021 Mar",-1349330000,2453670000,2021-03-01,"Negative"
"Switzerland","2021","02",639679000,291569000,"2021 Feb",-348110000,931248000,2021-02-01,"Negative"
"Switzerland","2021","01",753225000,474727000,"2021 Jan",-278498000,1227952000,2021-01-01,"Negative"
"Switzerland","2020","12",631159000,118009000,"2020 Dec",-513150000,749168000,2020-12-01,"Negative"
"Switzerland","2020","11",798242000,226803000,"2020 Nov",-571439000,1025045000,2020-11-01,"Negative"
"Switzerland","2020","10",597361000,582541000,"2020 Oct",-14820000,1179902000,2020-10-01,"Negative"
"Switzerland","2020","09",597220000,188549000,"2020 Sep",-408671000,785769000,2020-09-01,"Negative"
"Switzerland","2020","08",818335000,242450000,"2020 Aug",-575885000,1060785000,2020-08-01,"Negative"
"Switzerland","2020","07",726897000,405589000,"2020 Jul",-321308000,1132486000,2020-07-01,"Negative"
"Switzerland","2020","06",560427000,302811000,"2020 Jun",-257616000,863238000,2020-06-01,"Negative"
"Switzerland","2020","05",446190000,137199000,"2020 May",-308991000,583389000,2020-05-01,"Negative"
"Switzerland","2020","04",482705000,434360000,"2020 Apr",-48345000,917065000,2020-04-01,"Negative"
"Switzerland","2020","03",832311000,390795000,"2020 Mar",-441516000,1223106000,2020-03-01,"Negative"
"Switzerland","2020","02",724391000,213962000,"2020 Feb",-510429000,938353000,2020-02-01,"Negative"
"Switzerland","2020","01",970886000,253980000,"2020 Jan",-716906000,1224866000,2020-01-01,"Negative"
"Switzerland","2019","12",608363000,217621000,"2019 Dec",-390742000,825984000,2019-12-01,"Negative"
"Switzerland","2019","11",793768000,301098000,"2019 Nov",-492670000,1094866000,2019-11-01,"Negative"
"Switzerland","2019","10",680366000,428867000,"2019 Oct",-251499000,1109233000,2019-10-01,"Negative"
"Switzerland","2019","09",753194000,294865000,"2019 Sep",-458329000,1048059000,2019-09-01,"Negative"
"Switzerland","2019","08",713689000,422409000,"2019 Aug",-291280000,1136098000,2019-08-01,"Negative"
"Switzerland","2019","07",657288000,570868000,"2019 Jul",-86420000,1228156000,2019-07-01,"Negative"
"Switzerland","2019","06",668810000,345144000,"2019 Jun",-323666000,1013954000,2019-06-01,"Negative"
"Switzerland","2019","05",944100000,264393000,"2019 May",-679707000,1208493000,2019-05-01,"Negative"
"Switzerland","2019","04",852369000,187224000,"2019 Apr",-665145000,1039593000,2019-04-01,"Negative"
"Switzerland","2019","03",970756000,378179000,"2019 Mar",-592577000,1348935000,2019-03-01,"Negative"
"Switzerland","2019","02",676388000,214076000,"2019 Feb",-462312000,890464000,2019-02-01,"Negative"
"Switzerland","2019","01",769617000,171669000,"2019 Jan",-597948000,941286000,2019-01-01,"Negative"
"Switzerland","2018","12",958902000,229154000,"2018 Dec",-729748000,1188056000,2018-12-01,"Negative"
"Switzerland","2018","11",1242860000,320688000,"2018 Nov",-922172000,1563548000,2018-11-01,"Negative"
"Switzerland","2018","10",1304741000,367742000,"2018 Oct",-936999000,1672483000,2018-10-01,"Negative"
"Switzerland","2018","09",1123575000,266344000,"2018 Sep",-857231000,1389919000,2018-09-01,"Negative"
"Switzerland","2018","08",1451647000,238173000,"2018 Aug",-1213474000,1689820000,2018-08-01,"Negative"
"Switzerland","2018","07",1632084000,330131000,"2018 Jul",-1301953000,1962215000,2018-07-01,"Negative"
"Switzerland","2018","06",1287388000,248710000,"2018 Jun",-1038678000,1536098000,2018-06-01,"Negative"
"Switzerland","2018","05",911869000,335369000,"2018 May",-576500000,1247238000,2018-05-01,"Negative"
"Switzerland","2018","04",1010651000,201922000,"2018 Apr",-808729000,1212573000,2018-04-01,"Negative"
"Switzerland","2018","03",1167372000,258936000,"2018 Mar",-908436000,1426308000,2018-03-01,"Negative"
"Switzerland","2018","02",814518000,171830000,"2018 Feb",-642688000,986348000,2018-02-01,"Negative"
"Switzerland","2018","01",758270000,287839000,"2018 Jan",-470431000,1046109000,2018-01-01,"Negative"
"Malta","2022","01",18169000,160475000,"2022 Jan",142306000,178644000,2022-01-01,"Positive"
"Malta","2021","12",76979000,187108000,"2021 Dec",110129000,264087000,2021-12-01,"Positive"
"Malta","2021","11",65852000,193483000,"2021 Nov",127631000,259335000,2021-11-01,"Positive"
"Malta","2021","10",156403000,165816000,"2021 Oct",9413000,322219000,2021-10-01,"Positive"
"Malta","2021","09",145303000,143882000,"2021 Sep",-1421000,289185000,2021-09-01,"Negative"
"Malta","2021","08",20379000,183928000,"2021 Aug",163549000,204307000,2021-08-01,"Positive"
"Malta","2021","07",54541000,150912000,"2021 Jul",96371000,205453000,2021-07-01,"Positive"
"Malta","2021","06",69906000,131092000,"2021 Jun",61186000,200998000,2021-06-01,"Positive"
"Malta","2021","05",14958000,161486000,"2021 May",146528000,176444000,2021-05-01,"Positive"
"Malta","2021","04",44893000,159192000,"2021 Apr",114299000,204085000,2021-04-01,"Positive"
"Malta","2021","03",19176000,172823000,"2021 Mar",153647000,191999000,2021-03-01,"Positive"
"Malta","2021","02",14389000,127302000,"2021 Feb",112913000,141691000,2021-02-01,"Positive"
"Malta","2021","01",51714000,108413000,"2021 Jan",56699000,160127000,2021-01-01,"Positive"
"Malta","2020","12",32239000,139545000,"2020 Dec",107306000,171784000,2020-12-01,"Positive"
"Malta","2020","11",14927000,128198000,"2020 Nov",113271000,143125000,2020-11-01,"Positive"
"Malta","2020","10",19082000,124824000,"2020 Oct",105742000,143906000,2020-10-01,"Positive"
"Malta","2020","09",16183000,137128000,"2020 Sep",120945000,153311000,2020-09-01,"Positive"
"Malta","2020","08",16899000,136607000,"2020 Aug",119708000,153506000,2020-08-01,"Positive"
"Malta","2020","07",19717000,115500000,"2020 Jul",95783000,135217000,2020-07-01,"Positive"
"Malta","2020","06",26047000,85631000,"2020 Jun",59584000,111678000,2020-06-01,"Positive"
"Malta","2020","05",15044000,219435000,"2020 May",204391000,234479000,2020-05-01,"Positive"
"Malta","2020","04",23609000,139734000,"2020 Apr",116125000,163343000,2020-04-01,"Positive"
"Malta","2020","03",20391000,157276000,"2020 Mar",136885000,177667000,2020-03-01,"Positive"
"Malta","2020","02",14917000,292086000,"2020 Feb",277169000,307003000,2020-02-01,"Positive"
"Malta","2020","01",42930000,2.09e+08,"2020 Jan",166070000,251930000,2020-01-01,"Positive"
"Malta","2019","12",66861000,91561000,"2019 Dec",24700000,158422000,2019-12-01,"Positive"
"Malta","2019","11",20589000,102310000,"2019 Nov",81721000,122899000,2019-11-01,"Positive"
"Malta","2019","10",25075000,130799000,"2019 Oct",105724000,155874000,2019-10-01,"Positive"
"Malta","2019","09",20090000,122496000,"2019 Sep",102406000,142586000,2019-09-01,"Positive"
"Malta","2019","08",21785000,152751000,"2019 Aug",130966000,174536000,2019-08-01,"Positive"
"Malta","2019","07",16597000,145366000,"2019 Jul",128769000,161963000,2019-07-01,"Positive"
"Malta","2019","06",18712000,163927000,"2019 Jun",145215000,182639000,2019-06-01,"Positive"
"Malta","2019","05",19867000,142572000,"2019 May",122705000,162439000,2019-05-01,"Positive"
"Malta","2019","04",17329000,159970000,"2019 Apr",142641000,177299000,2019-04-01,"Positive"
"Malta","2019","03",20201000,133566000,"2019 Mar",113365000,153767000,2019-03-01,"Positive"
"Malta","2019","02",21070000,166880000,"2019 Feb",145810000,187950000,2019-02-01,"Positive"
"Malta","2019","01",85336000,158286000,"2019 Jan",72950000,243622000,2019-01-01,"Positive"
"Malta","2018","12",20514000,162498000,"2018 Dec",141984000,183012000,2018-12-01,"Positive"
"Malta","2018","11",138928000,200276000,"2018 Nov",61348000,339204000,2018-11-01,"Positive"
"Malta","2018","10",37601000,208055000,"2018 Oct",170454000,245656000,2018-10-01,"Positive"
"Malta","2018","09",43182000,188083000,"2018 Sep",144901000,231265000,2018-09-01,"Positive"
"Malta","2018","08",56970000,177871000,"2018 Aug",120901000,234841000,2018-08-01,"Positive"
"Malta","2018","07",44622000,167297000,"2018 Jul",122675000,211919000,2018-07-01,"Positive"
"Malta","2018","06",52712000,322142000,"2018 Jun",269430000,374854000,2018-06-01,"Positive"
"Malta","2018","05",61255000,173770000,"2018 May",112515000,235025000,2018-05-01,"Positive"
"Malta","2018","04",16163000,168312000,"2018 Apr",152149000,184475000,2018-04-01,"Positive"
"Malta","2018","03",44524000,162113000,"2018 Mar",117589000,206637000,2018-03-01,"Positive"
"Malta","2018","02",18667000,180596000,"2018 Feb",161929000,199263000,2018-02-01,"Positive"
"Malta","2018","01",16896000,170976000,"2018 Jan",154080000,187872000,2018-01-01,"Positive"
"Hungary","2022","01",37510000,54758000,"2022 Jan",17248000,92268000,2022-01-01,"Positive"
"Hungary","2021","12",36759000,67045000,"2021 Dec",30286000,103804000,2021-12-01,"Positive"
"Hungary","2021","11",33511000,81237000,"2021 Nov",47726000,114748000,2021-11-01,"Positive"
"Hungary","2021","10",42209000,65987000,"2021 Oct",23778000,108196000,2021-10-01,"Positive"
"Hungary","2021","09",37453000,62829000,"2021 Sep",25376000,100282000,2021-09-01,"Positive"
"Hungary","2021","08",45149000,62454000,"2021 Aug",17305000,107603000,2021-08-01,"Positive"
"Hungary","2021","07",46002000,45653000,"2021 Jul",-349000,91655000,2021-07-01,"Negative"
"Hungary","2021","06",50593000,55914000,"2021 Jun",5321000,106507000,2021-06-01,"Positive"
"Hungary","2021","05",52466000,46243000,"2021 May",-6223000,98709000,2021-05-01,"Negative"
"Hungary","2021","04",42392000,75450000,"2021 Apr",33058000,117842000,2021-04-01,"Positive"
"Hungary","2021","03",42244000,51260000,"2021 Mar",9016000,93504000,2021-03-01,"Positive"
"Hungary","2021","02",26286000,35339000,"2021 Feb",9053000,61625000,2021-02-01,"Positive"
"Hungary","2021","01",34167000,50085000,"2021 Jan",15918000,84252000,2021-01-01,"Positive"
"Hungary","2020","12",52883000,32130000,"2020 Dec",-20753000,85013000,2020-12-01,"Negative"
"Hungary","2020","11",43674000,42384000,"2020 Nov",-1290000,86058000,2020-11-01,"Negative"
"Hungary","2020","10",42690000,42263000,"2020 Oct",-427000,84953000,2020-10-01,"Negative"
"Hungary","2020","09",36664000,54904000,"2020 Sep",18240000,91568000,2020-09-01,"Positive"
"Hungary","2020","08",29737000,46879000,"2020 Aug",17142000,76616000,2020-08-01,"Positive"
"Hungary","2020","07",34092000,26706000,"2020 Jul",-7386000,60798000,2020-07-01,"Negative"
"Hungary","2020","06",29820000,39403000,"2020 Jun",9583000,69223000,2020-06-01,"Positive"
"Hungary","2020","05",21876000,44859000,"2020 May",22983000,66735000,2020-05-01,"Positive"
"Hungary","2020","04",30516000,42366000,"2020 Apr",11850000,72882000,2020-04-01,"Positive"
"Hungary","2020","03",35228000,35870000,"2020 Mar",642000,71098000,2020-03-01,"Positive"
"Hungary","2020","02",25341000,43449000,"2020 Feb",18108000,68790000,2020-02-01,"Positive"
"Hungary","2020","01",24246000,48888000,"2020 Jan",24642000,73134000,2020-01-01,"Positive"
"Hungary","2019","12",35761000,33454000,"2019 Dec",-2307000,69215000,2019-12-01,"Negative"
"Hungary","2019","11",32852000,39777000,"2019 Nov",6925000,72629000,2019-11-01,"Positive"
"Hungary","2019","10",31459000,32786000,"2019 Oct",1327000,64245000,2019-10-01,"Positive"
"Hungary","2019","09",33946000,34362000,"2019 Sep",416000,68308000,2019-09-01,"Positive"
"Hungary","2019","08",32455000,32529000,"2019 Aug",74000,64984000,2019-08-01,"Positive"
"Hungary","2019","07",33065000,37884000,"2019 Jul",4819000,70949000,2019-07-01,"Positive"
"Hungary","2019","06",31744000,41321000,"2019 Jun",9577000,73065000,2019-06-01,"Positive"
"Hungary","2019","05",31431000,35674000,"2019 May",4243000,67105000,2019-05-01,"Positive"
"Hungary","2019","04",29555000,40267000,"2019 Apr",10712000,69822000,2019-04-01,"Positive"
"Hungary","2019","03",31273000,41298000,"2019 Mar",10025000,72571000,2019-03-01,"Positive"
"Hungary","2019","02",26536000,38839000,"2019 Feb",12303000,65375000,2019-02-01,"Positive"
"Hungary","2019","01",30319000,44932000,"2019 Jan",14613000,75251000,2019-01-01,"Positive"
"Hungary","2018","12",30391000,27230000,"2018 Dec",-3161000,57621000,2018-12-01,"Negative"
"Hungary","2018","11",32771000,35831000,"2018 Nov",3060000,68602000,2018-11-01,"Positive"
"Hungary","2018","10",37652000,29642000,"2018 Oct",-8010000,67294000,2018-10-01,"Negative"
"Hungary","2018","09",27405000,36113000,"2018 Sep",8708000,63518000,2018-09-01,"Positive"
"Hungary","2018","08",30511000,27631000,"2018 Aug",-2880000,58142000,2018-08-01,"Negative"
"Hungary","2018","07",39682000,29802000,"2018 Jul",-9880000,69484000,2018-07-01,"Negative"
"Hungary","2018","06",33319000,46104000,"2018 Jun",12785000,79423000,2018-06-01,"Positive"
"Hungary","2018","05",35143000,29085000,"2018 May",-6058000,64228000,2018-05-01,"Negative"
"Hungary","2018","04",30793000,29165000,"2018 Apr",-1628000,59958000,2018-04-01,"Negative"
"Hungary","2018","03",31148000,27515000,"2018 Mar",-3633000,58663000,2018-03-01,"Negative"
"Hungary","2018","02",36429000,30078000,"2018 Feb",-6351000,66507000,2018-02-01,"Negative"
"Hungary","2018","01",34417000,36499000,"2018 Jan",2082000,70916000,2018-01-01,"Positive"
"Poland","2022","01",60536000,60979000,"2022 Jan",443000,121515000,2022-01-01,"Positive"
"Poland","2021","12",79301000,59941000,"2021 Dec",-19360000,139242000,2021-12-01,"Negative"
"Poland","2021","11",67425000,56197000,"2021 Nov",-11228000,123622000,2021-11-01,"Negative"
"Poland","2021","10",64253000,50546000,"2021 Oct",-13707000,114799000,2021-10-01,"Negative"
"Poland","2021","09",65538000,51404000,"2021 Sep",-14134000,116942000,2021-09-01,"Negative"
"Poland","2021","08",61559000,49199000,"2021 Aug",-12360000,110758000,2021-08-01,"Negative"
"Poland","2021","07",57666000,45140000,"2021 Jul",-12526000,102806000,2021-07-01,"Negative"
"Poland","2021","06",58077000,43915000,"2021 Jun",-14162000,101992000,2021-06-01,"Negative"
"Poland","2021","05",53098000,49028000,"2021 May",-4070000,102126000,2021-05-01,"Negative"
"Poland","2021","04",61091000,46944000,"2021 Apr",-14147000,108035000,2021-04-01,"Negative"
"Poland","2021","03",59145000,54932000,"2021 Mar",-4213000,114077000,2021-03-01,"Negative"
"Poland","2021","02",45736000,37660000,"2021 Feb",-8076000,83396000,2021-02-01,"Negative"
"Poland","2021","01",47566000,46014000,"2021 Jan",-1552000,93580000,2021-01-01,"Negative"
"Poland","2020","12",57325000,53566000,"2020 Dec",-3759000,110891000,2020-12-01,"Negative"
"Poland","2020","11",53148000,54076000,"2020 Nov",928000,107224000,2020-11-01,"Positive"
"Poland","2020","10",45656000,48649000,"2020 Oct",2993000,94305000,2020-10-01,"Positive"
"Poland","2020","09",50657000,41626000,"2020 Sep",-9031000,92283000,2020-09-01,"Negative"
"Poland","2020","08",39813000,40421000,"2020 Aug",608000,80234000,2020-08-01,"Positive"
"Poland","2020","07",38295000,36221000,"2020 Jul",-2074000,74516000,2020-07-01,"Negative"
"Poland","2020","06",40937000,27678000,"2020 Jun",-13259000,68615000,2020-06-01,"Negative"
"Poland","2020","05",35833000,28652000,"2020 May",-7181000,64485000,2020-05-01,"Negative"
"Poland","2020","04",49027000,26595000,"2020 Apr",-22432000,75622000,2020-04-01,"Negative"
"Poland","2020","03",53397000,37580000,"2020 Mar",-15817000,90977000,2020-03-01,"Negative"
"Poland","2020","02",58527000,41220000,"2020 Feb",-17307000,99747000,2020-02-01,"Negative"
"Poland","2020","01",50706000,50945000,"2020 Jan",239000,101651000,2020-01-01,"Positive"
"Poland","2019","12",66673000,54336000,"2019 Dec",-12337000,121009000,2019-12-01,"Negative"
"Poland","2019","11",53554000,47416000,"2019 Nov",-6138000,100970000,2019-11-01,"Negative"
"Poland","2019","10",52385000,42527000,"2019 Oct",-9858000,94912000,2019-10-01,"Negative"
"Poland","2019","09",47290000,47772000,"2019 Sep",482000,95062000,2019-09-01,"Positive"
"Poland","2019","08",52423000,38673000,"2019 Aug",-13750000,91096000,2019-08-01,"Negative"
"Poland","2019","07",46819000,51394000,"2019 Jul",4575000,98213000,2019-07-01,"Positive"
"Poland","2019","06",55726000,36507000,"2019 Jun",-19219000,92233000,2019-06-01,"Negative"
"Poland","2019","05",98604000,36190000,"2019 May",-62414000,134794000,2019-05-01,"Negative"
"Poland","2019","04",39586000,32266000,"2019 Apr",-7320000,71852000,2019-04-01,"Negative"
"Poland","2019","03",60345000,35369000,"2019 Mar",-24976000,95714000,2019-03-01,"Negative"
"Poland","2019","02",39173000,32274000,"2019 Feb",-6899000,71447000,2019-02-01,"Negative"
"Poland","2019","01",34881000,37311000,"2019 Jan",2430000,72192000,2019-01-01,"Positive"
"Poland","2018","12",44446000,48298000,"2018 Dec",3852000,92744000,2018-12-01,"Positive"
"Poland","2018","11",74256000,43990000,"2018 Nov",-30266000,118246000,2018-11-01,"Negative"
"Poland","2018","10",44178000,42615000,"2018 Oct",-1563000,86793000,2018-10-01,"Negative"
"Poland","2018","09",47957000,68966000,"2018 Sep",21009000,116923000,2018-09-01,"Positive"
"Poland","2018","08",62013000,45633000,"2018 Aug",-16380000,107646000,2018-08-01,"Negative"
"Poland","2018","07",45273000,41679000,"2018 Jul",-3594000,86952000,2018-07-01,"Negative"
"Poland","2018","06",73368000,39666000,"2018 Jun",-33702000,113034000,2018-06-01,"Negative"
"Poland","2018","05",65156000,34263000,"2018 May",-30893000,99419000,2018-05-01,"Negative"
"Poland","2018","04",49757000,34456000,"2018 Apr",-15301000,84213000,2018-04-01,"Negative"
"Poland","2018","03",45060000,35309000,"2018 Mar",-9751000,80369000,2018-03-01,"Negative"
"Poland","2018","02",41511000,30868000,"2018 Feb",-10643000,72379000,2018-02-01,"Negative"
"Poland","2018","01",51355000,35661000,"2018 Jan",-15694000,87016000,2018-01-01,"Negative"
"Estonia","2022","01",6857000,5099000,"2022 Jan",-1758000,11956000,2022-01-01,"Negative"
"Estonia","2021","12",8009000,2105000,"2021 Dec",-5904000,10114000,2021-12-01,"Negative"
"Estonia","2021","11",74653000,3129000,"2021 Nov",-71524000,77782000,2021-11-01,"Negative"
"Estonia","2021","10",4677000,2187000,"2021 Oct",-2490000,6864000,2021-10-01,"Negative"
"Estonia","2021","09",45509000,2398000,"2021 Sep",-43111000,47907000,2021-09-01,"Negative"
"Estonia","2021","08",6282000,4837000,"2021 Aug",-1445000,11119000,2021-08-01,"Negative"
"Estonia","2021","07",6312000,1192000,"2021 Jul",-5120000,7504000,2021-07-01,"Negative"
"Estonia","2021","06",4159000,1623000,"2021 Jun",-2536000,5782000,2021-06-01,"Negative"
"Estonia","2021","05",3983000,3077000,"2021 May",-906000,7060000,2021-05-01,"Negative"
"Estonia","2021","04",6049000,2966000,"2021 Apr",-3083000,9015000,2021-04-01,"Negative"
"Estonia","2021","03",7288000,677000,"2021 Mar",-6611000,7965000,2021-03-01,"Negative"
"Estonia","2021","02",2736000,947000,"2021 Feb",-1789000,3683000,2021-02-01,"Negative"
"Estonia","2021","01",2493000,459000,"2021 Jan",-2034000,2952000,2021-01-01,"Negative"
"Estonia","2020","12",2410000,3668000,"2020 Dec",1258000,6078000,2020-12-01,"Positive"
"Estonia","2020","11",3652000,2774000,"2020 Nov",-878000,6426000,2020-11-01,"Negative"
"Estonia","2020","10",3287000,3532000,"2020 Oct",245000,6819000,2020-10-01,"Positive"
"Estonia","2020","09",3284000,2701000,"2020 Sep",-583000,5985000,2020-09-01,"Negative"
"Estonia","2020","08",2064000,2568000,"2020 Aug",504000,4632000,2020-08-01,"Positive"
"Estonia","2020","07",1948000,429000,"2020 Jul",-1519000,2377000,2020-07-01,"Negative"
"Estonia","2020","06",4345000,415000,"2020 Jun",-3930000,4760000,2020-06-01,"Negative"
"Estonia","2020","05",1931000,1412000,"2020 May",-519000,3343000,2020-05-01,"Negative"
"Estonia","2020","04",2888000,391000,"2020 Apr",-2497000,3279000,2020-04-01,"Negative"
"Estonia","2020","03",4441000,1977000,"2020 Mar",-2464000,6418000,2020-03-01,"Negative"
"Estonia","2020","02",4914000,824000,"2020 Feb",-4090000,5738000,2020-02-01,"Negative"
"Estonia","2020","01",4433000,586000,"2020 Jan",-3847000,5019000,2020-01-01,"Negative"
"Estonia","2019","12",11965000,2382000,"2019 Dec",-9583000,14347000,2019-12-01,"Negative"
"Estonia","2019","11",24256000,411000,"2019 Nov",-23845000,24667000,2019-11-01,"Negative"
"Estonia","2019","10",6474000,1518000,"2019 Oct",-4956000,7992000,2019-10-01,"Negative"
"Estonia","2019","09",2521000,9526000,"2019 Sep",7005000,12047000,2019-09-01,"Positive"
"Estonia","2019","08",3775000,6518000,"2019 Aug",2743000,10293000,2019-08-01,"Positive"
"Estonia","2019","07",1954000,3609000,"2019 Jul",1655000,5563000,2019-07-01,"Positive"
"Estonia","2019","06",1487000,749000,"2019 Jun",-738000,2236000,2019-06-01,"Negative"
"Estonia","2019","05",3752000,3254000,"2019 May",-498000,7006000,2019-05-01,"Negative"
"Estonia","2019","04",4377000,889000,"2019 Apr",-3488000,5266000,2019-04-01,"Negative"
"Estonia","2019","03",5156000,657000,"2019 Mar",-4499000,5813000,2019-03-01,"Negative"
"Estonia","2019","02",4418000,2503000,"2019 Feb",-1915000,6921000,2019-02-01,"Negative"
"Estonia","2019","01",54600000,757000,"2019 Jan",-53843000,55357000,2019-01-01,"Negative"
"Estonia","2018","12",5924000,632000,"2018 Dec",-5292000,6556000,2018-12-01,"Negative"
"Estonia","2018","11",39767000,428000,"2018 Nov",-39339000,40195000,2018-11-01,"Negative"
"Estonia","2018","10",2746000,455000,"2018 Oct",-2291000,3201000,2018-10-01,"Negative"
"Estonia","2018","09",2513000,1262000,"2018 Sep",-1251000,3775000,2018-09-01,"Negative"
"Estonia","2018","08",5525000,782000,"2018 Aug",-4743000,6307000,2018-08-01,"Negative"
"Estonia","2018","07",1266000,1171000,"2018 Jul",-95000,2437000,2018-07-01,"Negative"
"Estonia","2018","06",68467000,903000,"2018 Jun",-67564000,69370000,2018-06-01,"Negative"
"Estonia","2018","05",1544000,666000,"2018 May",-878000,2210000,2018-05-01,"Negative"
"Estonia","2018","04",1598000,691000,"2018 Apr",-907000,2289000,2018-04-01,"Negative"
"Estonia","2018","03",2045000,921000,"2018 Mar",-1124000,2966000,2018-03-01,"Negative"
"Estonia","2018","02",2240000,712000,"2018 Feb",-1528000,2952000,2018-02-01,"Negative"
"Estonia","2018","01",2184000,728000,"2018 Jan",-1456000,2912000,2018-01-01,"Negative"
"Latvia","2022","01",3324000,7263000,"2022 Jan",3939000,10587000,2022-01-01,"Positive"
"Latvia","2021","12",4295000,6794000,"2021 Dec",2499000,11089000,2021-12-01,"Positive"
"Latvia","2021","11",2570000,4537000,"2021 Nov",1967000,7107000,2021-11-01,"Positive"
"Latvia","2021","10",2699000,2467000,"2021 Oct",-232000,5166000,2021-10-01,"Negative"
"Latvia","2021","09",2318000,1702000,"2021 Sep",-616000,4020000,2021-09-01,"Negative"
"Latvia","2021","08",4260000,3782000,"2021 Aug",-478000,8042000,2021-08-01,"Negative"
"Latvia","2021","07",3624000,5303000,"2021 Jul",1679000,8927000,2021-07-01,"Positive"
"Latvia","2021","06",4128000,7128000,"2021 Jun",3e+06,11256000,2021-06-01,"Positive"
"Latvia","2021","05",3763000,4900000,"2021 May",1137000,8663000,2021-05-01,"Positive"
"Latvia","2021","04",1546000,4245000,"2021 Apr",2699000,5791000,2021-04-01,"Positive"
"Latvia","2021","03",2241000,6313000,"2021 Mar",4072000,8554000,2021-03-01,"Positive"
"Latvia","2021","02",1466000,5383000,"2021 Feb",3917000,6849000,2021-02-01,"Positive"
"Latvia","2021","01",1346000,4551000,"2021 Jan",3205000,5897000,2021-01-01,"Positive"
"Latvia","2020","12",1887000,9177000,"2020 Dec",7290000,11064000,2020-12-01,"Positive"
"Latvia","2020","11",2216000,6165000,"2020 Nov",3949000,8381000,2020-11-01,"Positive"
"Latvia","2020","10",1389000,5646000,"2020 Oct",4257000,7035000,2020-10-01,"Positive"
"Latvia","2020","09",1971000,2878000,"2020 Sep",907000,4849000,2020-09-01,"Positive"
"Latvia","2020","08",1024000,5597000,"2020 Aug",4573000,6621000,2020-08-01,"Positive"
"Latvia","2020","07",1671000,3424000,"2020 Jul",1753000,5095000,2020-07-01,"Positive"
"Latvia","2020","06",2004000,5572000,"2020 Jun",3568000,7576000,2020-06-01,"Positive"
"Latvia","2020","05",1185000,4028000,"2020 May",2843000,5213000,2020-05-01,"Positive"
"Latvia","2020","04",1425000,2264000,"2020 Apr",839000,3689000,2020-04-01,"Positive"
"Latvia","2020","03",1861000,3007000,"2020 Mar",1146000,4868000,2020-03-01,"Positive"
"Latvia","2020","02",885000,4117000,"2020 Feb",3232000,5002000,2020-02-01,"Positive"
"Latvia","2020","01",1331000,3976000,"2020 Jan",2645000,5307000,2020-01-01,"Positive"
"Latvia","2019","12",1056000,4258000,"2019 Dec",3202000,5314000,2019-12-01,"Positive"
"Latvia","2019","11",2367000,3412000,"2019 Nov",1045000,5779000,2019-11-01,"Positive"
"Latvia","2019","10",2518000,3487000,"2019 Oct",969000,6005000,2019-10-01,"Positive"
"Latvia","2019","09",3597000,3698000,"2019 Sep",101000,7295000,2019-09-01,"Positive"
"Latvia","2019","08",3413000,2443000,"2019 Aug",-970000,5856000,2019-08-01,"Negative"
"Latvia","2019","07",3147000,3620000,"2019 Jul",473000,6767000,2019-07-01,"Positive"
"Latvia","2019","06",4638000,7854000,"2019 Jun",3216000,12492000,2019-06-01,"Positive"
"Latvia","2019","05",3052000,4403000,"2019 May",1351000,7455000,2019-05-01,"Positive"
"Latvia","2019","04",3249000,3076000,"2019 Apr",-173000,6325000,2019-04-01,"Negative"
"Latvia","2019","03",2026000,3172000,"2019 Mar",1146000,5198000,2019-03-01,"Positive"
"Latvia","2019","02",2154000,3191000,"2019 Feb",1037000,5345000,2019-02-01,"Positive"
"Latvia","2019","01",2818000,3819000,"2019 Jan",1001000,6637000,2019-01-01,"Positive"
"Latvia","2018","12",3503000,6175000,"2018 Dec",2672000,9678000,2018-12-01,"Positive"
"Latvia","2018","11",76519000,7460000,"2018 Nov",-69059000,83979000,2018-11-01,"Negative"
"Latvia","2018","10",3228000,3219000,"2018 Oct",-9000,6447000,2018-10-01,"Negative"
"Latvia","2018","09",154422000,3392000,"2018 Sep",-151030000,157814000,2018-09-01,"Negative"
"Latvia","2018","08",75901000,11606000,"2018 Aug",-64295000,87507000,2018-08-01,"Negative"
"Latvia","2018","07",3294000,3315000,"2018 Jul",21000,6609000,2018-07-01,"Positive"
"Latvia","2018","06",68737000,2658000,"2018 Jun",-66079000,71395000,2018-06-01,"Negative"
"Latvia","2018","05",2796000,2034000,"2018 May",-762000,4830000,2018-05-01,"Negative"
"Latvia","2018","04",1102000,1436000,"2018 Apr",334000,2538000,2018-04-01,"Positive"
"Latvia","2018","03",1883000,1589000,"2018 Mar",-294000,3472000,2018-03-01,"Negative"
"Latvia","2018","02",660000,2075000,"2018 Feb",1415000,2735000,2018-02-01,"Positive"
"Latvia","2018","01",1875000,1699000,"2018 Jan",-176000,3574000,2018-01-01,"Negative"
"Lithuania","2022","01",52056000,1415000,"2022 Jan",-50641000,53471000,2022-01-01,"Negative"
"Lithuania","2021","12",7758000,1308000,"2021 Dec",-6450000,9066000,2021-12-01,"Negative"
"Lithuania","2021","11",8029000,2107000,"2021 Nov",-5922000,10136000,2021-11-01,"Negative"
"Lithuania","2021","10",38070000,1266000,"2021 Oct",-36804000,39336000,2021-10-01,"Negative"
"Lithuania","2021","09",13052000,1753000,"2021 Sep",-11299000,14805000,2021-09-01,"Negative"
"Lithuania","2021","08",61180000,74911000,"2021 Aug",13731000,136091000,2021-08-01,"Positive"
"Lithuania","2021","07",11845000,2391000,"2021 Jul",-9454000,14236000,2021-07-01,"Negative"
"Lithuania","2021","06",12598000,1647000,"2021 Jun",-10951000,14245000,2021-06-01,"Negative"
"Lithuania","2021","05",11125000,1440000,"2021 May",-9685000,12565000,2021-05-01,"Negative"
"Lithuania","2021","04",10231000,2800000,"2021 Apr",-7431000,13031000,2021-04-01,"Negative"
"Lithuania","2021","03",57734000,2397000,"2021 Mar",-55337000,60131000,2021-03-01,"Negative"
"Lithuania","2021","02",10644000,1919000,"2021 Feb",-8725000,12563000,2021-02-01,"Negative"
"Lithuania","2021","01",14204000,147603000,"2021 Jan",133399000,161807000,2021-01-01,"Positive"
"Lithuania","2020","12",7809000,75397000,"2020 Dec",67588000,83206000,2020-12-01,"Positive"
"Lithuania","2020","11",12180000,2198000,"2020 Nov",-9982000,14378000,2020-11-01,"Negative"
"Lithuania","2020","10",8739000,1326000,"2020 Oct",-7413000,10065000,2020-10-01,"Negative"
"Lithuania","2020","09",10548000,75320000,"2020 Sep",64772000,85868000,2020-09-01,"Positive"
"Lithuania","2020","08",10732000,2420000,"2020 Aug",-8312000,13152000,2020-08-01,"Negative"
"Lithuania","2020","07",7116000,901000,"2020 Jul",-6215000,8017000,2020-07-01,"Negative"
"Lithuania","2020","06",1e+07,1552000,"2020 Jun",-8448000,11552000,2020-06-01,"Negative"
"Lithuania","2020","05",10014000,1764000,"2020 May",-8250000,11778000,2020-05-01,"Negative"
"Lithuania","2020","04",9946000,1142000,"2020 Apr",-8804000,11088000,2020-04-01,"Negative"
"Lithuania","2020","03",8567000,875000,"2020 Mar",-7692000,9442000,2020-03-01,"Negative"
"Lithuania","2020","02",7184000,1383000,"2020 Feb",-5801000,8567000,2020-02-01,"Negative"
"Lithuania","2020","01",22159000,1934000,"2020 Jan",-20225000,24093000,2020-01-01,"Negative"
"Lithuania","2019","12",8211000,1809000,"2019 Dec",-6402000,10020000,2019-12-01,"Negative"
"Lithuania","2019","11",10114000,6362000,"2019 Nov",-3752000,16476000,2019-11-01,"Negative"
"Lithuania","2019","10",7517000,2342000,"2019 Oct",-5175000,9859000,2019-10-01,"Negative"
"Lithuania","2019","09",12513000,1682000,"2019 Sep",-10831000,14195000,2019-09-01,"Negative"
"Lithuania","2019","08",7171000,1977000,"2019 Aug",-5194000,9148000,2019-08-01,"Negative"
"Lithuania","2019","07",110630000,1748000,"2019 Jul",-108882000,112378000,2019-07-01,"Negative"
"Lithuania","2019","06",11395000,1017000,"2019 Jun",-10378000,12412000,2019-06-01,"Negative"
"Lithuania","2019","05",7462000,1647000,"2019 May",-5815000,9109000,2019-05-01,"Negative"
"Lithuania","2019","04",9976000,1562000,"2019 Apr",-8414000,11538000,2019-04-01,"Negative"
"Lithuania","2019","03",21207000,2212000,"2019 Mar",-18995000,23419000,2019-03-01,"Negative"
"Lithuania","2019","02",10488000,718000,"2019 Feb",-9770000,11206000,2019-02-01,"Negative"
"Lithuania","2019","01",13750000,1426000,"2019 Jan",-12324000,15176000,2019-01-01,"Negative"
"Lithuania","2018","12",21822000,1232000,"2018 Dec",-20590000,23054000,2018-12-01,"Negative"
"Lithuania","2018","11",14151000,1525000,"2018 Nov",-12626000,15676000,2018-11-01,"Negative"
"Lithuania","2018","10",12903000,1785000,"2018 Oct",-11118000,14688000,2018-10-01,"Negative"
"Lithuania","2018","09",52234000,1445000,"2018 Sep",-50789000,53679000,2018-09-01,"Negative"
"Lithuania","2018","08",43193000,1221000,"2018 Aug",-41972000,44414000,2018-08-01,"Negative"
"Lithuania","2018","07",39097000,1207000,"2018 Jul",-37890000,40304000,2018-07-01,"Negative"
"Lithuania","2018","06",134240000,1527000,"2018 Jun",-132713000,135767000,2018-06-01,"Negative"
"Lithuania","2018","05",67640000,931000,"2018 May",-66709000,68571000,2018-05-01,"Negative"
"Lithuania","2018","04",6151000,1304000,"2018 Apr",-4847000,7455000,2018-04-01,"Negative"
"Lithuania","2018","03",46956000,614000,"2018 Mar",-46342000,47570000,2018-03-01,"Negative"
"Lithuania","2018","02",33452000,1537000,"2018 Feb",-31915000,34989000,2018-02-01,"Negative"
"Lithuania","2018","01",76620000,1780000,"2018 Jan",-74840000,78400000,2018-01-01,"Negative"
"Slovenia","2022","01",5566000,36764000,"2022 Jan",31198000,42330000,2022-01-01,"Positive"
"Slovenia","2021","12",8420000,3612000,"2021 Dec",-4808000,12032000,2021-12-01,"Negative"
"Slovenia","2021","11",7839000,37348000,"2021 Nov",29509000,45187000,2021-11-01,"Positive"
"Slovenia","2021","10",7535000,2085000,"2021 Oct",-5450000,9620000,2021-10-01,"Negative"
"Slovenia","2021","09",6895000,3760000,"2021 Sep",-3135000,10655000,2021-09-01,"Negative"
"Slovenia","2021","08",7567000,1758000,"2021 Aug",-5809000,9325000,2021-08-01,"Negative"
"Slovenia","2021","07",6739000,3405000,"2021 Jul",-3334000,10144000,2021-07-01,"Negative"
"Slovenia","2021","06",9319000,1720000,"2021 Jun",-7599000,11039000,2021-06-01,"Negative"
"Slovenia","2021","05",7463000,4669000,"2021 May",-2794000,12132000,2021-05-01,"Negative"
"Slovenia","2021","04",6274000,8742000,"2021 Apr",2468000,15016000,2021-04-01,"Positive"
"Slovenia","2021","03",5945000,5032000,"2021 Mar",-913000,10977000,2021-03-01,"Negative"
"Slovenia","2021","02",4852000,2064000,"2021 Feb",-2788000,6916000,2021-02-01,"Negative"
"Slovenia","2021","01",5404000,3255000,"2021 Jan",-2149000,8659000,2021-01-01,"Negative"
"Slovenia","2020","12",4797000,5651000,"2020 Dec",854000,10448000,2020-12-01,"Positive"
"Slovenia","2020","11",4560000,2954000,"2020 Nov",-1606000,7514000,2020-11-01,"Negative"
"Slovenia","2020","10",4601000,5755000,"2020 Oct",1154000,10356000,2020-10-01,"Positive"
"Slovenia","2020","09",4417000,6963000,"2020 Sep",2546000,11380000,2020-09-01,"Positive"
"Slovenia","2020","08",5942000,2511000,"2020 Aug",-3431000,8453000,2020-08-01,"Negative"
"Slovenia","2020","07",6289000,2627000,"2020 Jul",-3662000,8916000,2020-07-01,"Negative"
"Slovenia","2020","06",4166000,3321000,"2020 Jun",-845000,7487000,2020-06-01,"Negative"
"Slovenia","2020","05",8059000,2033000,"2020 May",-6026000,10092000,2020-05-01,"Negative"
"Slovenia","2020","04",5607000,4166000,"2020 Apr",-1441000,9773000,2020-04-01,"Negative"
"Slovenia","2020","03",6647000,4278000,"2020 Mar",-2369000,10925000,2020-03-01,"Negative"
"Slovenia","2020","02",3840000,4599000,"2020 Feb",759000,8439000,2020-02-01,"Positive"
"Slovenia","2020","01",4095000,3703000,"2020 Jan",-392000,7798000,2020-01-01,"Negative"
"Slovenia","2019","12",6268000,2129000,"2019 Dec",-4139000,8397000,2019-12-01,"Negative"
"Slovenia","2019","11",4382000,1495000,"2019 Nov",-2887000,5877000,2019-11-01,"Negative"
"Slovenia","2019","10",6058000,2676000,"2019 Oct",-3382000,8734000,2019-10-01,"Negative"
"Slovenia","2019","09",9827000,2539000,"2019 Sep",-7288000,12366000,2019-09-01,"Negative"
"Slovenia","2019","08",7556000,6069000,"2019 Aug",-1487000,13625000,2019-08-01,"Negative"
"Slovenia","2019","07",7268000,2484000,"2019 Jul",-4784000,9752000,2019-07-01,"Negative"
"Slovenia","2019","06",7107000,2357000,"2019 Jun",-4750000,9464000,2019-06-01,"Negative"
"Slovenia","2019","05",9747000,6413000,"2019 May",-3334000,16160000,2019-05-01,"Negative"
"Slovenia","2019","04",9247000,4717000,"2019 Apr",-4530000,13964000,2019-04-01,"Negative"
"Slovenia","2019","03",7916000,4731000,"2019 Mar",-3185000,12647000,2019-03-01,"Negative"
"Slovenia","2019","02",6797000,5901000,"2019 Feb",-896000,12698000,2019-02-01,"Negative"
"Slovenia","2019","01",7206000,6156000,"2019 Jan",-1050000,13362000,2019-01-01,"Negative"
"Slovenia","2018","12",9569000,6315000,"2018 Dec",-3254000,15884000,2018-12-01,"Negative"
"Slovenia","2018","11",6110000,5205000,"2018 Nov",-905000,11315000,2018-11-01,"Negative"
"Slovenia","2018","10",9569000,4239000,"2018 Oct",-5330000,13808000,2018-10-01,"Negative"
"Slovenia","2018","09",6411000,4140000,"2018 Sep",-2271000,10551000,2018-09-01,"Negative"
"Slovenia","2018","08",7828000,3517000,"2018 Aug",-4311000,11345000,2018-08-01,"Negative"
"Slovenia","2018","07",7527000,2980000,"2018 Jul",-4547000,10507000,2018-07-01,"Negative"
"Slovenia","2018","06",5376000,5318000,"2018 Jun",-58000,10694000,2018-06-01,"Negative"
"Slovenia","2018","05",12618000,4552000,"2018 May",-8066000,17170000,2018-05-01,"Negative"
"Slovenia","2018","04",6459000,5799000,"2018 Apr",-660000,12258000,2018-04-01,"Negative"
"Slovenia","2018","03",5498000,8665000,"2018 Mar",3167000,14163000,2018-03-01,"Positive"
"Slovenia","2018","02",5552000,4639000,"2018 Feb",-913000,10191000,2018-02-01,"Negative"
"Slovenia","2018","01",9773000,6748000,"2018 Jan",-3025000,16521000,2018-01-01,"Negative"
"Czech Republic","2022","01",74799000,50034000,"2022 Jan",-24765000,124833000,2022-01-01,"Negative"
"Czech Republic","2021","12",78196000,63831000,"2021 Dec",-14365000,142027000,2021-12-01,"Negative"
"Czech Republic","2021","11",64292000,99722000,"2021 Nov",35430000,164014000,2021-11-01,"Positive"
"Czech Republic","2021","10",94433000,50109000,"2021 Oct",-44324000,144542000,2021-10-01,"Negative"
"Czech Republic","2021","09",91353000,61700000,"2021 Sep",-29653000,153053000,2021-09-01,"Negative"
"Czech Republic","2021","08",64538000,54760000,"2021 Aug",-9778000,119298000,2021-08-01,"Negative"
"Czech Republic","2021","07",82631000,80083000,"2021 Jul",-2548000,162714000,2021-07-01,"Negative"
"Czech Republic","2021","06",79418000,54494000,"2021 Jun",-24924000,133912000,2021-06-01,"Negative"
"Czech Republic","2021","05",83723000,57543000,"2021 May",-26180000,141266000,2021-05-01,"Negative"
"Czech Republic","2021","04",75405000,63477000,"2021 Apr",-11928000,138882000,2021-04-01,"Negative"
"Czech Republic","2021","03",79133000,82851000,"2021 Mar",3718000,161984000,2021-03-01,"Positive"
"Czech Republic","2021","02",53948000,46052000,"2021 Feb",-7896000,1e+08,2021-02-01,"Negative"
"Czech Republic","2021","01",75602000,63625000,"2021 Jan",-11977000,139227000,2021-01-01,"Negative"
"Czech Republic","2020","12",71090000,50889000,"2020 Dec",-20201000,121979000,2020-12-01,"Negative"
"Czech Republic","2020","11",89800000,37847000,"2020 Nov",-51953000,127647000,2020-11-01,"Negative"
"Czech Republic","2020","10",64058000,49558000,"2020 Oct",-14500000,113616000,2020-10-01,"Negative"
"Czech Republic","2020","09",60861000,39217000,"2020 Sep",-21644000,100078000,2020-09-01,"Negative"
"Czech Republic","2020","08",46974000,65237000,"2020 Aug",18263000,112211000,2020-08-01,"Positive"
"Czech Republic","2020","07",72329000,77157000,"2020 Jul",4828000,149486000,2020-07-01,"Positive"
"Czech Republic","2020","06",69463000,51982000,"2020 Jun",-17481000,121445000,2020-06-01,"Negative"
"Czech Republic","2020","05",60816000,72190000,"2020 May",11374000,133006000,2020-05-01,"Positive"
"Czech Republic","2020","04",71541000,50587000,"2020 Apr",-20954000,122128000,2020-04-01,"Negative"
"Czech Republic","2020","03",54120000,33432000,"2020 Mar",-20688000,87552000,2020-03-01,"Negative"
"Czech Republic","2020","02",61038000,38779000,"2020 Feb",-22259000,99817000,2020-02-01,"Negative"
"Czech Republic","2020","01",61739000,54274000,"2020 Jan",-7465000,116013000,2020-01-01,"Negative"
"Czech Republic","2019","12",71881000,55282000,"2019 Dec",-16599000,127163000,2019-12-01,"Negative"
"Czech Republic","2019","11",68908000,43470000,"2019 Nov",-25438000,112378000,2019-11-01,"Negative"
"Czech Republic","2019","10",68774000,50548000,"2019 Oct",-18226000,119322000,2019-10-01,"Negative"
"Czech Republic","2019","09",63001000,38096000,"2019 Sep",-24905000,101097000,2019-09-01,"Negative"
"Czech Republic","2019","08",55166000,49349000,"2019 Aug",-5817000,104515000,2019-08-01,"Negative"
"Czech Republic","2019","07",57884000,67670000,"2019 Jul",9786000,125554000,2019-07-01,"Positive"
"Czech Republic","2019","06",43938000,44095000,"2019 Jun",157000,88033000,2019-06-01,"Positive"
"Czech Republic","2019","05",50969000,59093000,"2019 May",8124000,110062000,2019-05-01,"Positive"
"Czech Republic","2019","04",56215000,62306000,"2019 Apr",6091000,118521000,2019-04-01,"Positive"
"Czech Republic","2019","03",58249000,66043000,"2019 Mar",7794000,124292000,2019-03-01,"Positive"
"Czech Republic","2019","02",41966000,49218000,"2019 Feb",7252000,91184000,2019-02-01,"Positive"
"Czech Republic","2019","01",55558000,75677000,"2019 Jan",20119000,131235000,2019-01-01,"Positive"
"Czech Republic","2018","12",60690000,48886000,"2018 Dec",-11804000,109576000,2018-12-01,"Negative"
"Czech Republic","2018","11",46990000,74141000,"2018 Nov",27151000,121131000,2018-11-01,"Positive"
"Czech Republic","2018","10",61290000,73344000,"2018 Oct",12054000,134634000,2018-10-01,"Positive"
"Czech Republic","2018","09",58715000,59569000,"2018 Sep",854000,118284000,2018-09-01,"Positive"
"Czech Republic","2018","08",47808000,71093000,"2018 Aug",23285000,118901000,2018-08-01,"Positive"
"Czech Republic","2018","07",51142000,71564000,"2018 Jul",20422000,122706000,2018-07-01,"Positive"
"Czech Republic","2018","06",56604000,68819000,"2018 Jun",12215000,125423000,2018-06-01,"Positive"
"Czech Republic","2018","05",70978000,55539000,"2018 May",-15439000,126517000,2018-05-01,"Negative"
"Czech Republic","2018","04",55882000,65524000,"2018 Apr",9642000,121406000,2018-04-01,"Positive"
"Czech Republic","2018","03",49334000,51639000,"2018 Mar",2305000,100973000,2018-03-01,"Positive"
"Czech Republic","2018","02",37373000,47855000,"2018 Feb",10482000,85228000,2018-02-01,"Positive"
"Czech Republic","2018","01",40340000,63556000,"2018 Jan",23216000,103896000,2018-01-01,"Positive"
"Slovakia","2022","01",9865000,7025000,"2022 Jan",-2840000,16890000,2022-01-01,"Negative"
"Slovakia","2021","12",19244000,7541000,"2021 Dec",-11703000,26785000,2021-12-01,"Negative"
"Slovakia","2021","11",9600000,17793000,"2021 Nov",8193000,27393000,2021-11-01,"Positive"
"Slovakia","2021","10",8960000,25664000,"2021 Oct",16704000,34624000,2021-10-01,"Positive"
"Slovakia","2021","09",7722000,22473000,"2021 Sep",14751000,30195000,2021-09-01,"Positive"
"Slovakia","2021","08",7641000,16048000,"2021 Aug",8407000,23689000,2021-08-01,"Positive"
"Slovakia","2021","07",11291000,8584000,"2021 Jul",-2707000,19875000,2021-07-01,"Negative"
"Slovakia","2021","06",11325000,23025000,"2021 Jun",11700000,34350000,2021-06-01,"Positive"
"Slovakia","2021","05",10824000,7668000,"2021 May",-3156000,18492000,2021-05-01,"Negative"
"Slovakia","2021","04",10116000,17124000,"2021 Apr",7008000,27240000,2021-04-01,"Positive"
"Slovakia","2021","03",9032000,7573000,"2021 Mar",-1459000,16605000,2021-03-01,"Negative"
"Slovakia","2021","02",7707000,23128000,"2021 Feb",15421000,30835000,2021-02-01,"Positive"
"Slovakia","2021","01",8307000,17610000,"2021 Jan",9303000,25917000,2021-01-01,"Positive"
"Slovakia","2020","12",13720000,13013000,"2020 Dec",-707000,26733000,2020-12-01,"Negative"
"Slovakia","2020","11",8318000,2612000,"2020 Nov",-5706000,10930000,2020-11-01,"Negative"
"Slovakia","2020","10",8711000,2018000,"2020 Oct",-6693000,10729000,2020-10-01,"Negative"
"Slovakia","2020","09",7723000,1908000,"2020 Sep",-5815000,9631000,2020-09-01,"Negative"
"Slovakia","2020","08",9106000,2655000,"2020 Aug",-6451000,11761000,2020-08-01,"Negative"
"Slovakia","2020","07",8090000,1910000,"2020 Jul",-6180000,1e+07,2020-07-01,"Negative"
"Slovakia","2020","06",6745000,1659000,"2020 Jun",-5086000,8404000,2020-06-01,"Negative"
"Slovakia","2020","05",7101000,1933000,"2020 May",-5168000,9034000,2020-05-01,"Negative"
"Slovakia","2020","04",12895000,2413000,"2020 Apr",-10482000,15308000,2020-04-01,"Negative"
"Slovakia","2020","03",11601000,2584000,"2020 Mar",-9017000,14185000,2020-03-01,"Negative"
"Slovakia","2020","02",8328000,3068000,"2020 Feb",-5260000,11396000,2020-02-01,"Negative"
"Slovakia","2020","01",9510000,2113000,"2020 Jan",-7397000,11623000,2020-01-01,"Negative"
"Slovakia","2019","12",9545000,1399000,"2019 Dec",-8146000,10944000,2019-12-01,"Negative"
"Slovakia","2019","11",8252000,2203000,"2019 Nov",-6049000,10455000,2019-11-01,"Negative"
"Slovakia","2019","10",9474000,2159000,"2019 Oct",-7315000,11633000,2019-10-01,"Negative"
"Slovakia","2019","09",9211000,2405000,"2019 Sep",-6806000,11616000,2019-09-01,"Negative"
"Slovakia","2019","08",7928000,2185000,"2019 Aug",-5743000,10113000,2019-08-01,"Negative"
"Slovakia","2019","07",9917000,1831000,"2019 Jul",-8086000,11748000,2019-07-01,"Negative"
"Slovakia","2019","06",9608000,2819000,"2019 Jun",-6789000,12427000,2019-06-01,"Negative"
"Slovakia","2019","05",9115000,3518000,"2019 May",-5597000,12633000,2019-05-01,"Negative"
"Slovakia","2019","04",12926000,3957000,"2019 Apr",-8969000,16883000,2019-04-01,"Negative"
"Slovakia","2019","03",9460000,3090000,"2019 Mar",-6370000,12550000,2019-03-01,"Negative"
"Slovakia","2019","02",8847000,2243000,"2019 Feb",-6604000,11090000,2019-02-01,"Negative"
"Slovakia","2019","01",10457000,3595000,"2019 Jan",-6862000,14052000,2019-01-01,"Negative"
"Slovakia","2018","12",14958000,3537000,"2018 Dec",-11421000,18495000,2018-12-01,"Negative"
"Slovakia","2018","11",12824000,3136000,"2018 Nov",-9688000,15960000,2018-11-01,"Negative"
"Slovakia","2018","10",14970000,4123000,"2018 Oct",-10847000,19093000,2018-10-01,"Negative"
"Slovakia","2018","09",10566000,2852000,"2018 Sep",-7714000,13418000,2018-09-01,"Negative"
"Slovakia","2018","08",13987000,3587000,"2018 Aug",-10400000,17574000,2018-08-01,"Negative"
"Slovakia","2018","07",14395000,3955000,"2018 Jul",-10440000,18350000,2018-07-01,"Negative"
"Slovakia","2018","06",9388000,4501000,"2018 Jun",-4887000,13889000,2018-06-01,"Negative"
"Slovakia","2018","05",10043000,3196000,"2018 May",-6847000,13239000,2018-05-01,"Negative"
"Slovakia","2018","04",9572000,3337000,"2018 Apr",-6235000,12909000,2018-04-01,"Negative"
"Slovakia","2018","03",6365000,3038000,"2018 Mar",-3327000,9403000,2018-03-01,"Negative"
"Slovakia","2018","02",6044000,2586000,"2018 Feb",-3458000,8630000,2018-02-01,"Negative"
"Slovakia","2018","01",7727000,2834000,"2018 Jan",-4893000,10561000,2018-01-01,"Negative"
"Brunei Darussalam","2022","01",118376000,77716000,"2022 Jan",-40660000,196092000,2022-01-01,"Negative"
"Brunei Darussalam","2021","12",238510000,86822000,"2021 Dec",-151688000,325332000,2021-12-01,"Negative"
"Brunei Darussalam","2021","11",272043000,68707000,"2021 Nov",-203336000,340750000,2021-11-01,"Negative"
"Brunei Darussalam","2021","10",180268000,69829000,"2021 Oct",-110439000,250097000,2021-10-01,"Negative"
"Brunei Darussalam","2021","09",175584000,99576000,"2021 Sep",-76008000,275160000,2021-09-01,"Negative"
"Brunei Darussalam","2021","08",209182000,74375000,"2021 Aug",-134807000,283557000,2021-08-01,"Negative"
"Brunei Darussalam","2021","07",137283000,68665000,"2021 Jul",-68618000,205948000,2021-07-01,"Negative"
"Brunei Darussalam","2021","06",105693000,100088000,"2021 Jun",-5605000,205781000,2021-06-01,"Negative"
"Brunei Darussalam","2021","05",44843000,80670000,"2021 May",35827000,125513000,2021-05-01,"Positive"
"Brunei Darussalam","2021","04",110472000,118678000,"2021 Apr",8206000,229150000,2021-04-01,"Positive"
"Brunei Darussalam","2021","03",102303000,89926000,"2021 Mar",-12377000,192229000,2021-03-01,"Negative"
"Brunei Darussalam","2021","02",56593000,69131000,"2021 Feb",12538000,125724000,2021-02-01,"Positive"
"Brunei Darussalam","2021","01",71088000,75420000,"2021 Jan",4332000,146508000,2021-01-01,"Positive"
"Brunei Darussalam","2020","12",99093000,83374000,"2020 Dec",-15719000,182467000,2020-12-01,"Negative"
"Brunei Darussalam","2020","11",26766000,94592000,"2020 Nov",67826000,121358000,2020-11-01,"Positive"
"Brunei Darussalam","2020","10",54504000,81584000,"2020 Oct",27080000,136088000,2020-10-01,"Positive"
"Brunei Darussalam","2020","09",67999000,78402000,"2020 Sep",10403000,146401000,2020-09-01,"Positive"
"Brunei Darussalam","2020","08",36769000,93730000,"2020 Aug",56961000,130499000,2020-08-01,"Positive"
"Brunei Darussalam","2020","07",25927000,87799000,"2020 Jul",61872000,113726000,2020-07-01,"Positive"
"Brunei Darussalam","2020","06",36456000,114980000,"2020 Jun",78524000,151436000,2020-06-01,"Positive"
"Brunei Darussalam","2020","05",49763000,64689000,"2020 May",14926000,114452000,2020-05-01,"Positive"
"Brunei Darussalam","2020","04",96185000,105793000,"2020 Apr",9608000,201978000,2020-04-01,"Positive"
"Brunei Darussalam","2020","03",70923000,92062000,"2020 Mar",21139000,162985000,2020-03-01,"Positive"
"Brunei Darussalam","2020","02",242796000,98823000,"2020 Feb",-143973000,341619000,2020-02-01,"Negative"
"Brunei Darussalam","2020","01",278270000,92138000,"2020 Jan",-186132000,370408000,2020-01-01,"Negative"
"Brunei Darussalam","2019","12",147838000,119698000,"2019 Dec",-28140000,267536000,2019-12-01,"Negative"
"Brunei Darussalam","2019","11",89518000,124789000,"2019 Nov",35271000,214307000,2019-11-01,"Positive"
"Brunei Darussalam","2019","10",5498000,107349000,"2019 Oct",101851000,112847000,2019-10-01,"Positive"
"Brunei Darussalam","2019","09",31851000,118286000,"2019 Sep",86435000,150137000,2019-09-01,"Positive"
"Brunei Darussalam","2019","08",61257000,331927000,"2019 Aug",270670000,393184000,2019-08-01,"Positive"
"Brunei Darussalam","2019","07",60552000,156786000,"2019 Jul",96234000,217338000,2019-07-01,"Positive"
"Brunei Darussalam","2019","06",97741000,84494000,"2019 Jun",-13247000,182235000,2019-06-01,"Negative"
"Brunei Darussalam","2019","05",4889000,97557000,"2019 May",92668000,102446000,2019-05-01,"Positive"
"Brunei Darussalam","2019","04",3828000,89014000,"2019 Apr",85186000,92842000,2019-04-01,"Positive"
"Brunei Darussalam","2019","03",6103000,103675000,"2019 Mar",97572000,109778000,2019-03-01,"Positive"
"Brunei Darussalam","2019","02",9447000,86002000,"2019 Feb",76555000,95449000,2019-02-01,"Positive"
"Brunei Darussalam","2019","01",56660000,101348000,"2019 Jan",44688000,158008000,2019-01-01,"Positive"
"Brunei Darussalam","2018","12",83322000,117328000,"2018 Dec",34006000,200650000,2018-12-01,"Positive"
"Brunei Darussalam","2018","11",90118000,118827000,"2018 Nov",28709000,208945000,2018-11-01,"Positive"
"Brunei Darussalam","2018","10",153545000,156877000,"2018 Oct",3332000,310422000,2018-10-01,"Positive"
"Brunei Darussalam","2018","09",45812000,129765000,"2018 Sep",83953000,175577000,2018-09-01,"Positive"
"Brunei Darussalam","2018","08",37330000,92118000,"2018 Aug",54788000,129448000,2018-08-01,"Positive"
"Brunei Darussalam","2018","07",34011000,99287000,"2018 Jul",65276000,133298000,2018-07-01,"Positive"
"Brunei Darussalam","2018","06",35407000,86846000,"2018 Jun",51439000,122253000,2018-06-01,"Positive"
"Brunei Darussalam","2018","05",66546000,82405000,"2018 May",15859000,148951000,2018-05-01,"Positive"
"Brunei Darussalam","2018","04",42835000,86193000,"2018 Apr",43358000,129028000,2018-04-01,"Positive"
"Brunei Darussalam","2018","03",30781000,87982000,"2018 Mar",57201000,118763000,2018-03-01,"Positive"
"Brunei Darussalam","2018","02",29347000,66412000,"2018 Feb",37065000,95759000,2018-02-01,"Positive"
"Brunei Darussalam","2018","01",59300000,65711000,"2018 Jan",6411000,125011000,2018-01-01,"Positive"
"Indonesia","2022","01",1854718000,3689054000,"2022 Jan",1834336000,5543772000,2022-01-01,"Positive"
"Indonesia","2021","12",1952388000,3979774000,"2021 Dec",2027386000,5932162000,2021-12-01,"Positive"
"Indonesia","2021","11",1988497000,3928370000,"2021 Nov",1939873000,5916867000,2021-11-01,"Positive"
"Indonesia","2021","10",1763060000,3160397000,"2021 Oct",1397337000,4923457000,2021-10-01,"Positive"
"Indonesia","2021","09",1706208000,2962949000,"2021 Sep",1256741000,4669157000,2021-09-01,"Positive"
"Indonesia","2021","08",1719227000,3084471000,"2021 Aug",1365244000,4803698000,2021-08-01,"Positive"
"Indonesia","2021","07",1601948000,2919438000,"2021 Jul",1317490000,4521386000,2021-07-01,"Positive"
"Indonesia","2021","06",1797188000,3581383000,"2021 Jun",1784195000,5378571000,2021-06-01,"Positive"
"Indonesia","2021","05",1444970000,2808492000,"2021 May",1363522000,4253462000,2021-05-01,"Positive"
"Indonesia","2021","04",1809239000,3191052000,"2021 Apr",1381813000,5000291000,2021-04-01,"Positive"
"Indonesia","2021","03",1750120000,3542640000,"2021 Mar",1792520000,5292760000,2021-03-01,"Positive"
"Indonesia","2021","02",1456104000,2977358000,"2021 Feb",1521254000,4433462000,2021-02-01,"Positive"
"Indonesia","2021","01",1433768000,2524216000,"2021 Jan",1090448000,3957984000,2021-01-01,"Positive"
"Indonesia","2020","12",1455271000,2756166000,"2020 Dec",1300895000,4211437000,2020-12-01,"Positive"
"Indonesia","2020","11",1369285000,2405160000,"2020 Nov",1035875000,3774445000,2020-11-01,"Positive"
"Indonesia","2020","10",1456209000,2264388000,"2020 Oct",808179000,3720597000,2020-10-01,"Positive"
"Indonesia","2020","09",1526861000,2471805000,"2020 Sep",944944000,3998666000,2020-09-01,"Positive"
"Indonesia","2020","08",1530155000,2320501000,"2020 Aug",790346000,3850656000,2020-08-01,"Positive"
"Indonesia","2020","07",1602915000,2438838000,"2020 Jul",835923000,4041753000,2020-07-01,"Positive"
"Indonesia","2020","06",1337827000,2196981000,"2020 Jun",859154000,3534808000,2020-06-01,"Positive"
"Indonesia","2020","05",1226045000,1703250000,"2020 May",477205000,2929295000,2020-05-01,"Positive"
"Indonesia","2020","04",1735603000,2192562000,"2020 Apr",456959000,3928165000,2020-04-01,"Positive"
"Indonesia","2020","03",2093275000,3014122000,"2020 Mar",920847000,5107397000,2020-03-01,"Positive"
"Indonesia","2020","02",2180859000,2707467000,"2020 Feb",526608000,4888326000,2020-02-01,"Positive"
"Indonesia","2020","01",1736989000,3097834000,"2020 Jan",1360845000,4834823000,2020-01-01,"Positive"
"Indonesia","2019","12",1560013000,2926197000,"2019 Dec",1366184000,4486210000,2019-12-01,"Positive"
"Indonesia","2019","11",1708391000,3305525000,"2019 Nov",1597134000,5013916000,2019-11-01,"Positive"
"Indonesia","2019","10",1836541000,3275508000,"2019 Oct",1438967000,5112049000,2019-10-01,"Positive"
"Indonesia","2019","09",2041034000,3122721000,"2019 Sep",1081687000,5163755000,2019-09-01,"Positive"
"Indonesia","2019","08",2047681000,3192279000,"2019 Aug",1144598000,5239960000,2019-08-01,"Positive"
"Indonesia","2019","07",1946313000,3296226000,"2019 Jul",1349913000,5242539000,2019-07-01,"Positive"
"Indonesia","2019","06",1713916000,2883205000,"2019 Jun",1169289000,4597121000,2019-06-01,"Positive"
"Indonesia","2019","05",1768689000,3046660000,"2019 May",1277971000,4815349000,2019-05-01,"Positive"
"Indonesia","2019","04",1394245000,3142459000,"2019 Apr",1748214000,4536704000,2019-04-01,"Positive"
"Indonesia","2019","03",1823857000,3120155000,"2019 Mar",1296298000,4944012000,2019-03-01,"Positive"
"Indonesia","2019","02",1704454000,2532561000,"2019 Feb",828107000,4237015000,2019-02-01,"Positive"
"Indonesia","2019","01",1747206000,3481372000,"2019 Jan",1734166000,5228578000,2019-01-01,"Positive"
"Indonesia","2018","12",1824895000,3245997000,"2018 Dec",1421102000,5070892000,2018-12-01,"Positive"
"Indonesia","2018","11",1563252000,3471044000,"2018 Nov",1907792000,5034296000,2018-11-01,"Positive"
"Indonesia","2018","10",2001409000,3848574000,"2018 Oct",1847165000,5849983000,2018-10-01,"Positive"
"Indonesia","2018","09",1621939000,3531343000,"2018 Sep",1909404000,5153282000,2018-09-01,"Positive"
"Indonesia","2018","08",1792069000,4236511000,"2018 Aug",2444442000,6028580000,2018-08-01,"Positive"
"Indonesia","2018","07",1844128000,4298459000,"2018 Jul",2454331000,6142587000,2018-07-01,"Positive"
"Indonesia","2018","06",1408738000,3566353000,"2018 Jun",2157615000,4975091000,2018-06-01,"Positive"
"Indonesia","2018","05",1741855000,4145439000,"2018 May",2403584000,5887294000,2018-05-01,"Positive"
"Indonesia","2018","04",1579756000,3536278000,"2018 Apr",1956522000,5116034000,2018-04-01,"Positive"
"Indonesia","2018","03",1781629000,3747060000,"2018 Mar",1965431000,5528689000,2018-03-01,"Positive"
"Indonesia","2018","02",1675650000,3061364000,"2018 Feb",1385714000,4737014000,2018-02-01,"Positive"
"Indonesia","2018","01",1701226000,3778241000,"2018 Jan",2077015000,5479467000,2018-01-01,"Positive"
"Malaysia","2022","01",6181789000,4828392000,"2022 Jan",-1353397000,11010181000,2022-01-01,"Negative"
"Malaysia","2021","12",6725700000,5235038000,"2021 Dec",-1490662000,11960738000,2021-12-01,"Negative"
"Malaysia","2021","11",6572612000,5553622000,"2021 Nov",-1018990000,12126234000,2021-11-01,"Negative"
"Malaysia","2021","10",6447589000,5198396000,"2021 Oct",-1249193000,11645985000,2021-10-01,"Negative"
"Malaysia","2021","09",5974561000,4852096000,"2021 Sep",-1122465000,10826657000,2021-09-01,"Negative"
"Malaysia","2021","08",5733440000,4623527000,"2021 Aug",-1109913000,10356967000,2021-08-01,"Negative"
"Malaysia","2021","07",5830757000,4044927000,"2021 Jul",-1785830000,9875684000,2021-07-01,"Negative"
"Malaysia","2021","06",5526747000,3811035000,"2021 Jun",-1715712000,9337782000,2021-06-01,"Negative"
"Malaysia","2021","05",5932710000,4271295000,"2021 May",-1661415000,10204005000,2021-05-01,"Negative"
"Malaysia","2021","04",6272592000,4941837000,"2021 Apr",-1330755000,11214429000,2021-04-01,"Negative"
"Malaysia","2021","03",6158053000,5549343000,"2021 Mar",-608710000,11707396000,2021-03-01,"Negative"
"Malaysia","2021","02",5402465000,3904908000,"2021 Feb",-1497557000,9307373000,2021-02-01,"Negative"
"Malaysia","2021","01",5553323000,4566888000,"2021 Jan",-986435000,10120211000,2021-01-01,"Negative"
"Malaysia","2020","12",5226122000,4098730000,"2020 Dec",-1127392000,9324852000,2020-12-01,"Negative"
"Malaysia","2020","11",4918769000,3920478000,"2020 Nov",-998291000,8839247000,2020-11-01,"Negative"
"Malaysia","2020","10",5249328000,3810320000,"2020 Oct",-1439008000,9059648000,2020-10-01,"Negative"
"Malaysia","2020","09",5092968000,4057093000,"2020 Sep",-1035875000,9150061000,2020-09-01,"Negative"
"Malaysia","2020","08",5070011000,3782960000,"2020 Aug",-1287051000,8852971000,2020-08-01,"Negative"
"Malaysia","2020","07",5094878000,4080198000,"2020 Jul",-1014680000,9175076000,2020-07-01,"Negative"
"Malaysia","2020","06",5247898000,3672727000,"2020 Jun",-1575171000,8920625000,2020-06-01,"Negative"
"Malaysia","2020","05",4002175000,2929890000,"2020 May",-1072285000,6932065000,2020-05-01,"Negative"
"Malaysia","2020","04",3387367000,2898079000,"2020 Apr",-489288000,6285446000,2020-04-01,"Negative"
"Malaysia","2020","03",4295365000,3683598000,"2020 Mar",-611767000,7978963000,2020-03-01,"Negative"
"Malaysia","2020","02",4985932000,4084098000,"2020 Feb",-901834000,9070030000,2020-02-01,"Negative"
"Malaysia","2020","01",4979254000,4882427000,"2020 Jan",-96827000,9861681000,2020-01-01,"Negative"
"Malaysia","2019","12",5391179000,5101862000,"2019 Dec",-289317000,10493041000,2019-12-01,"Negative"
"Malaysia","2019","11",4764941000,5188332000,"2019 Nov",423391000,9953273000,2019-11-01,"Positive"
"Malaysia","2019","10",4982014000,5128473000,"2019 Oct",146459000,10110487000,2019-10-01,"Positive"
"Malaysia","2019","09",4714740000,4542614000,"2019 Sep",-172126000,9257354000,2019-09-01,"Negative"
"Malaysia","2019","08",4647126000,4416412000,"2019 Aug",-230714000,9063538000,2019-08-01,"Negative"
"Malaysia","2019","07",4898954000,4632307000,"2019 Jul",-266647000,9531261000,2019-07-01,"Negative"
"Malaysia","2019","06",4233791000,4065377000,"2019 Jun",-168414000,8299168000,2019-06-01,"Negative"
"Malaysia","2019","05",5260793000,5062375000,"2019 May",-198418000,10323168000,2019-05-01,"Negative"
"Malaysia","2019","04",4770798000,4817283000,"2019 Apr",46485000,9588081000,2019-04-01,"Positive"
"Malaysia","2019","03",4774064000,4510503000,"2019 Mar",-263561000,9284567000,2019-03-01,"Negative"
"Malaysia","2019","02",3825742000,3882516000,"2019 Feb",56774000,7708258000,2019-02-01,"Positive"
"Malaysia","2019","01",4608872000,4794555000,"2019 Jan",185683000,9403427000,2019-01-01,"Positive"
"Malaysia","2018","12",4874245000,4634931000,"2018 Dec",-239314000,9509176000,2018-12-01,"Negative"
"Malaysia","2018","11",4879959000,5518978000,"2018 Nov",639019000,10398937000,2018-11-01,"Positive"
"Malaysia","2018","10",5612889000,5858507000,"2018 Oct",245618000,11471396000,2018-10-01,"Positive"
"Malaysia","2018","09",4591900000,5096307000,"2018 Sep",504407000,9688207000,2018-09-01,"Positive"
"Malaysia","2018","08",4849432000,6041650000,"2018 Aug",1192218000,10891082000,2018-08-01,"Positive"
"Malaysia","2018","07",4984779000,5297141000,"2018 Jul",312362000,10281920000,2018-07-01,"Positive"
"Malaysia","2018","06",4611305000,4761237000,"2018 Jun",149932000,9372542000,2018-06-01,"Positive"
"Malaysia","2018","05",5219011000,4736834000,"2018 May",-482177000,9955845000,2018-05-01,"Negative"
"Malaysia","2018","04",4823938000,4913955000,"2018 Apr",90017000,9737893000,2018-04-01,"Positive"
"Malaysia","2018","03",4710633000,4767260000,"2018 Mar",56627000,9477893000,2018-03-01,"Positive"
"Malaysia","2018","02",3943496000,4120848000,"2018 Feb",177352000,8064344000,2018-02-01,"Positive"
"Malaysia","2018","01",4645806000,4834696000,"2018 Jan",188890000,9480502000,2018-01-01,"Positive"
"Philippines","2022","01",1024236000,1082941000,"2022 Jan",58705000,2107177000,2022-01-01,"Positive"
"Philippines","2021","12",1111297000,1170890000,"2021 Dec",59593000,2282187000,2021-12-01,"Positive"
"Philippines","2021","11",929167000,1329198000,"2021 Nov",400031000,2258365000,2021-11-01,"Positive"
"Philippines","2021","10",946558000,980583000,"2021 Oct",34025000,1927141000,2021-10-01,"Positive"
"Philippines","2021","09",909166000,903601000,"2021 Sep",-5565000,1812767000,2021-09-01,"Negative"
"Philippines","2021","08",986348000,1005828000,"2021 Aug",19480000,1992176000,2021-08-01,"Positive"
"Philippines","2021","07",934416000,965175000,"2021 Jul",30759000,1899591000,2021-07-01,"Positive"
"Philippines","2021","06",854834000,981095000,"2021 Jun",126261000,1835929000,2021-06-01,"Positive"
"Philippines","2021","05",895423000,908860000,"2021 May",13437000,1804283000,2021-05-01,"Positive"
"Philippines","2021","04",861358000,1009146000,"2021 Apr",147788000,1870504000,2021-04-01,"Positive"
"Philippines","2021","03",898912000,1066012000,"2021 Mar",167100000,1964924000,2021-03-01,"Positive"
"Philippines","2021","02",821546000,1001918000,"2021 Feb",180372000,1823464000,2021-02-01,"Positive"
"Philippines","2021","01",743341000,982646000,"2021 Jan",239305000,1725987000,2021-01-01,"Positive"
"Philippines","2020","12",818118000,8.88e+08,"2020 Dec",69882000,1706118000,2020-12-01,"Positive"
"Philippines","2020","11",785946000,814908000,"2020 Nov",28962000,1600854000,2020-11-01,"Positive"
"Philippines","2020","10",757489000,916638000,"2020 Oct",159149000,1674127000,2020-10-01,"Positive"
"Philippines","2020","09",834705000,877251000,"2020 Sep",42546000,1711956000,2020-09-01,"Positive"
"Philippines","2020","08",857117000,849391000,"2020 Aug",-7726000,1706508000,2020-08-01,"Negative"
"Philippines","2020","07",973394000,1014441000,"2020 Jul",41047000,1987835000,2020-07-01,"Positive"
"Philippines","2020","06",889759000,896456000,"2020 Jun",6697000,1786215000,2020-06-01,"Positive"
"Philippines","2020","05",733533000,692502000,"2020 May",-41031000,1426035000,2020-05-01,"Negative"
"Philippines","2020","04",600246000,567314000,"2020 Apr",-32932000,1167560000,2020-04-01,"Negative"
"Philippines","2020","03",758664000,821266000,"2020 Mar",62602000,1579930000,2020-03-01,"Positive"
"Philippines","2020","02",759531000,868932000,"2020 Feb",109401000,1628463000,2020-02-01,"Positive"
"Philippines","2020","01",730334000,1048522000,"2020 Jan",318188000,1778856000,2020-01-01,"Positive"
"Philippines","2019","12",728011000,900240000,"2019 Dec",172229000,1628251000,2019-12-01,"Positive"
"Philippines","2019","11",747740000,1129668000,"2019 Nov",381928000,1877408000,2019-11-01,"Positive"
"Philippines","2019","10",715163000,1004326000,"2019 Oct",289163000,1719489000,2019-10-01,"Positive"
"Philippines","2019","09",733999000,1056307000,"2019 Sep",322308000,1790306000,2019-09-01,"Positive"
"Philippines","2019","08",789480000,1024043000,"2019 Aug",234563000,1813523000,2019-08-01,"Positive"
"Philippines","2019","07",755744000,1093895000,"2019 Jul",338151000,1849639000,2019-07-01,"Positive"
"Philippines","2019","06",747659000,908546000,"2019 Jun",160887000,1656205000,2019-06-01,"Positive"
"Philippines","2019","05",759535000,1087729000,"2019 May",328194000,1847264000,2019-05-01,"Positive"
"Philippines","2019","04",989002000,949427000,"2019 Apr",-39575000,1938429000,2019-04-01,"Negative"
"Philippines","2019","03",946247000,881970000,"2019 Mar",-64277000,1828217000,2019-03-01,"Negative"
"Philippines","2019","02",874577000,701982000,"2019 Feb",-172595000,1576559000,2019-02-01,"Negative"
"Philippines","2019","01",892159000,902255000,"2019 Jan",10096000,1794414000,2019-01-01,"Positive"
"Philippines","2018","12",836256000,824328000,"2018 Dec",-11928000,1660584000,2018-12-01,"Negative"
"Philippines","2018","11",1013632000,984181000,"2018 Nov",-29451000,1997813000,2018-11-01,"Negative"
"Philippines","2018","10",944485000,974300000,"2018 Oct",29815000,1918785000,2018-10-01,"Positive"
"Philippines","2018","09",1021382000,837955000,"2018 Sep",-183427000,1859337000,2018-09-01,"Negative"
"Philippines","2018","08",904576000,893059000,"2018 Aug",-11517000,1797635000,2018-08-01,"Negative"
"Philippines","2018","07",907302000,932106000,"2018 Jul",24804000,1839408000,2018-07-01,"Positive"
"Philippines","2018","06",846797000,909141000,"2018 Jun",62344000,1755938000,2018-06-01,"Positive"
"Philippines","2018","05",909338000,935061000,"2018 May",25723000,1844399000,2018-05-01,"Positive"
"Philippines","2018","04",778298000,806996000,"2018 Apr",28698000,1585294000,2018-04-01,"Positive"
"Philippines","2018","03",812289000,926916000,"2018 Mar",114627000,1739205000,2018-03-01,"Positive"
"Philippines","2018","02",770827000,793849000,"2018 Feb",23022000,1564676000,2018-02-01,"Positive"
"Philippines","2018","01",805515000,912178000,"2018 Jan",106663000,1717693000,2018-01-01,"Positive"
"Thailand","2022","01",1239894000,2225422000,"2022 Jan",985528000,3465316000,2022-01-01,"Positive"
"Thailand","2021","12",1451572000,1988820000,"2021 Dec",537248000,3440392000,2021-12-01,"Positive"
"Thailand","2021","11",1283600000,1714880000,"2021 Nov",431280000,2998480000,2021-11-01,"Positive"
"Thailand","2021","10",1180430000,1629858000,"2021 Oct",449428000,2810288000,2021-10-01,"Positive"
"Thailand","2021","09",1160078000,1727737000,"2021 Sep",567659000,2887815000,2021-09-01,"Positive"
"Thailand","2021","08",1228663000,1907122000,"2021 Aug",678459000,3135785000,2021-08-01,"Positive"
"Thailand","2021","07",1225879000,1710339000,"2021 Jul",484460000,2936218000,2021-07-01,"Positive"
"Thailand","2021","06",1146806000,1782396000,"2021 Jun",635590000,2929202000,2021-06-01,"Positive"
"Thailand","2021","05",1122697000,1660820000,"2021 May",538123000,2783517000,2021-05-01,"Positive"
"Thailand","2021","04",887173000,1691105000,"2021 Apr",803932000,2578278000,2021-04-01,"Positive"
"Thailand","2021","03",916087000,1840984000,"2021 Mar",924897000,2757071000,2021-03-01,"Positive"
"Thailand","2021","02",813753000,1410067000,"2021 Feb",596314000,2223820000,2021-02-01,"Positive"
"Thailand","2021","01",746376000,1906010000,"2021 Jan",1159634000,2652386000,2021-01-01,"Positive"
"Thailand","2020","12",938739000,1582628000,"2020 Dec",643889000,2521367000,2020-12-01,"Positive"
"Thailand","2020","11",741260000,1708670000,"2020 Nov",967410000,2449930000,2020-11-01,"Positive"
"Thailand","2020","10",906194000,1722178000,"2020 Oct",815984000,2628372000,2020-10-01,"Positive"
"Thailand","2020","09",902423000,1592499000,"2020 Sep",690076000,2494922000,2020-09-01,"Positive"
"Thailand","2020","08",1440609000,1573936000,"2020 Aug",133327000,3014545000,2020-08-01,"Positive"
"Thailand","2020","07",1205586000,1452448000,"2020 Jul",246862000,2658034000,2020-07-01,"Positive"
"Thailand","2020","06",801372000,1309206000,"2020 Jun",507834000,2110578000,2020-06-01,"Positive"
"Thailand","2020","05",995812000,1215694000,"2020 May",219882000,2211506000,2020-05-01,"Positive"
"Thailand","2020","04",1983188000,1408737000,"2020 Apr",-574451000,3391925000,2020-04-01,"Negative"
"Thailand","2020","03",1087792000,2504510000,"2020 Mar",1416718000,3592302000,2020-03-01,"Positive"
"Thailand","2020","02",1371864000,1703571000,"2020 Feb",331707000,3075435000,2020-02-01,"Positive"
"Thailand","2020","01",1119938000,1689722000,"2020 Jan",569784000,2809660000,2020-01-01,"Positive"
"Thailand","2019","12",831088000,1630882000,"2019 Dec",799794000,2461970000,2019-12-01,"Positive"
"Thailand","2019","11",743020000,2094080000,"2019 Nov",1351060000,2837100000,2019-11-01,"Positive"
"Thailand","2019","10",872644000,2011601000,"2019 Oct",1138957000,2884245000,2019-10-01,"Positive"
"Thailand","2019","09",863255000,1826097000,"2019 Sep",962842000,2689352000,2019-09-01,"Positive"
"Thailand","2019","08",902300000,1649877000,"2019 Aug",747577000,2552177000,2019-08-01,"Positive"
"Thailand","2019","07",1081547000,1959371000,"2019 Jul",877824000,3040918000,2019-07-01,"Positive"
"Thailand","2019","06",1225469000,1589997000,"2019 Jun",364528000,2815466000,2019-06-01,"Positive"
"Thailand","2019","05",835547000,1613416000,"2019 May",777869000,2448963000,2019-05-01,"Positive"
"Thailand","2019","04",715712000,1627916000,"2019 Apr",912204000,2343628000,2019-04-01,"Positive"
"Thailand","2019","03",847648000,1661130000,"2019 Mar",813482000,2508778000,2019-03-01,"Positive"
"Thailand","2019","02",760149000,1555895000,"2019 Feb",795746000,2316044000,2019-02-01,"Positive"
"Thailand","2019","01",766608000,1726601000,"2019 Jan",959993000,2493209000,2019-01-01,"Positive"
"Thailand","2018","12",864113000,1425606000,"2018 Dec",561493000,2289719000,2018-12-01,"Positive"
"Thailand","2018","11",912408000,1808466000,"2018 Nov",896058000,2720874000,2018-11-01,"Positive"
"Thailand","2018","10",1030045000,2054711000,"2018 Oct",1024666000,3084756000,2018-10-01,"Positive"
"Thailand","2018","09",866994000,2040387000,"2018 Sep",1173393000,2907381000,2018-09-01,"Positive"
"Thailand","2018","08",1053672000,1821445000,"2018 Aug",767773000,2875117000,2018-08-01,"Positive"
"Thailand","2018","07",962329000,1837239000,"2018 Jul",874910000,2799568000,2018-07-01,"Positive"
"Thailand","2018","06",957324000,1591844000,"2018 Jun",634520000,2549168000,2018-06-01,"Positive"
"Thailand","2018","05",1009977000,1763423000,"2018 May",753446000,2773400000,2018-05-01,"Positive"
"Thailand","2018","04",853638000,1709908000,"2018 Apr",856270000,2563546000,2018-04-01,"Positive"
"Thailand","2018","03",949347000,1794846000,"2018 Mar",845499000,2744193000,2018-03-01,"Positive"
"Thailand","2018","02",825759000,1416821000,"2018 Feb",591062000,2242580000,2018-02-01,"Positive"
"Thailand","2018","01",908231000,1728311000,"2018 Jan",820080000,2636542000,2018-01-01,"Positive"
"Myanmar","2022","01",6836000,325856000,"2022 Jan",319020000,332692000,2022-01-01,"Positive"
"Myanmar","2021","12",11148000,452365000,"2021 Dec",441217000,463513000,2021-12-01,"Positive"
"Myanmar","2021","11",12998000,304342000,"2021 Nov",291344000,317340000,2021-11-01,"Positive"
"Myanmar","2021","10",6539000,257507000,"2021 Oct",250968000,264046000,2021-10-01,"Positive"
"Myanmar","2021","09",10386000,218120000,"2021 Sep",207734000,228506000,2021-09-01,"Positive"
"Myanmar","2021","08",8775000,188701000,"2021 Aug",179926000,197476000,2021-08-01,"Positive"
"Myanmar","2021","07",7479000,346813000,"2021 Jul",339334000,354292000,2021-07-01,"Positive"
"Myanmar","2021","06",11265000,363217000,"2021 Jun",351952000,374482000,2021-06-01,"Positive"
"Myanmar","2021","05",9188000,241352000,"2021 May",232164000,250540000,2021-05-01,"Positive"
"Myanmar","2021","04",11875000,264431000,"2021 Apr",252556000,276306000,2021-04-01,"Positive"
"Myanmar","2021","03",9048000,312926000,"2021 Mar",303878000,321974000,2021-03-01,"Positive"
"Myanmar","2021","02",5399000,219550000,"2021 Feb",214151000,224949000,2021-02-01,"Positive"
"Myanmar","2021","01",9126000,343638000,"2021 Jan",334512000,352764000,2021-01-01,"Positive"
"Myanmar","2020","12",10474000,327498000,"2020 Dec",317024000,337972000,2020-12-01,"Positive"
"Myanmar","2020","11",10764000,246851000,"2020 Nov",236087000,257615000,2020-11-01,"Positive"
"Myanmar","2020","10",8009000,224144000,"2020 Oct",216135000,232153000,2020-10-01,"Positive"
"Myanmar","2020","09",7789000,268968000,"2020 Sep",261179000,276757000,2020-09-01,"Positive"
"Myanmar","2020","08",6457000,273130000,"2020 Aug",266673000,279587000,2020-08-01,"Positive"
"Myanmar","2020","07",25111000,283466000,"2020 Jul",258355000,308577000,2020-07-01,"Positive"
"Myanmar","2020","06",8355000,356460000,"2020 Jun",348105000,364815000,2020-06-01,"Positive"
"Myanmar","2020","05",7736000,278782000,"2020 May",271046000,286518000,2020-05-01,"Positive"
"Myanmar","2020","04",9852000,247214000,"2020 Apr",237362000,257066000,2020-04-01,"Positive"
"Myanmar","2020","03",32206000,449515000,"2020 Mar",417309000,481721000,2020-03-01,"Positive"
"Myanmar","2020","02",14314000,331483000,"2020 Feb",317169000,345797000,2020-02-01,"Positive"
"Myanmar","2020","01",16270000,430961000,"2020 Jan",414691000,447231000,2020-01-01,"Positive"
"Myanmar","2019","12",18005000,459098000,"2019 Dec",441093000,477103000,2019-12-01,"Positive"
"Myanmar","2019","11",11642000,349182000,"2019 Nov",337540000,360824000,2019-11-01,"Positive"
"Myanmar","2019","10",31533000,362030000,"2019 Oct",330497000,393563000,2019-10-01,"Positive"
"Myanmar","2019","09",15610000,316155000,"2019 Sep",300545000,331765000,2019-09-01,"Positive"
"Myanmar","2019","08",37277000,326239000,"2019 Aug",288962000,363516000,2019-08-01,"Positive"
"Myanmar","2019","07",11881000,364722000,"2019 Jul",352841000,376603000,2019-07-01,"Positive"
"Myanmar","2019","06",12389000,291690000,"2019 Jun",279301000,304079000,2019-06-01,"Positive"
"Myanmar","2019","05",13753000,416575000,"2019 May",402822000,430328000,2019-05-01,"Positive"
"Myanmar","2019","04",37686000,376783000,"2019 Apr",339097000,414469000,2019-04-01,"Positive"
"Myanmar","2019","03",21663000,369015000,"2019 Mar",347352000,390678000,2019-03-01,"Positive"
"Myanmar","2019","02",32586000,271184000,"2019 Feb",238598000,303770000,2019-02-01,"Positive"
"Myanmar","2019","01",13456000,394459000,"2019 Jan",381003000,407915000,2019-01-01,"Positive"
"Myanmar","2018","12",14306000,400477000,"2018 Dec",386171000,414783000,2018-12-01,"Positive"
"Myanmar","2018","11",20920000,241719000,"2018 Nov",220799000,262639000,2018-11-01,"Positive"
"Myanmar","2018","10",13744000,332489000,"2018 Oct",318745000,346233000,2018-10-01,"Positive"
"Myanmar","2018","09",10144000,273815000,"2018 Sep",263671000,283959000,2018-09-01,"Positive"
"Myanmar","2018","08",30530000,343022000,"2018 Aug",312492000,373552000,2018-08-01,"Positive"
"Myanmar","2018","07",26725000,263873000,"2018 Jul",237148000,290598000,2018-07-01,"Positive"
"Myanmar","2018","06",15239000,314663000,"2018 Jun",299424000,329902000,2018-06-01,"Positive"
"Myanmar","2018","05",38416000,327783000,"2018 May",289367000,366199000,2018-05-01,"Positive"
"Myanmar","2018","04",7795000,283763000,"2018 Apr",275968000,291558000,2018-04-01,"Positive"
"Myanmar","2018","03",33391000,335793000,"2018 Mar",302402000,369184000,2018-03-01,"Positive"
"Myanmar","2018","02",6956000,312028000,"2018 Feb",305072000,318984000,2018-02-01,"Positive"
"Myanmar","2018","01",48251000,300712000,"2018 Jan",252461000,348963000,2018-01-01,"Positive"
"Cambodia","2022","01",21450000,1295948000,"2022 Jan",1274498000,1317398000,2022-01-01,"Positive"
"Cambodia","2021","12",31564000,1260386000,"2021 Dec",1228822000,1291950000,2021-12-01,"Positive"
"Cambodia","2021","11",28814000,732835000,"2021 Nov",704021000,761649000,2021-11-01,"Positive"
"Cambodia","2021","10",24301000,721899000,"2021 Oct",697598000,746200000,2021-10-01,"Positive"
"Cambodia","2021","09",37593000,363127000,"2021 Sep",325534000,400720000,2021-09-01,"Positive"
"Cambodia","2021","08",26978000,238718000,"2021 Aug",211740000,265696000,2021-08-01,"Positive"
"Cambodia","2021","07",19376000,422961000,"2021 Jul",403585000,442337000,2021-07-01,"Positive"
"Cambodia","2021","06",56097000,619307000,"2021 Jun",563210000,675404000,2021-06-01,"Positive"
"Cambodia","2021","05",48635000,337789000,"2021 May",289154000,386424000,2021-05-01,"Positive"
"Cambodia","2021","04",9052000,625369000,"2021 Apr",616317000,634421000,2021-04-01,"Positive"
"Cambodia","2021","03",10119000,1555131000,"2021 Mar",1545012000,1565250000,2021-03-01,"Positive"
"Cambodia","2021","02",8790000,1134340000,"2021 Feb",1125550000,1143130000,2021-02-01,"Positive"
"Cambodia","2021","01",11719000,872487000,"2021 Jan",860768000,884206000,2021-01-01,"Positive"
"Cambodia","2020","12",29143000,538116000,"2020 Dec",508973000,567259000,2020-12-01,"Positive"
"Cambodia","2020","11",47185000,336505000,"2020 Nov",289320000,383690000,2020-11-01,"Positive"
"Cambodia","2020","10",129737000,86356000,"2020 Oct",-43381000,216093000,2020-10-01,"Negative"
"Cambodia","2020","09",392992000,70633000,"2020 Sep",-322359000,463625000,2020-09-01,"Negative"
"Cambodia","2020","08",632266000,77148000,"2020 Aug",-555118000,709414000,2020-08-01,"Negative"
"Cambodia","2020","07",683841000,86990000,"2020 Jul",-596851000,770831000,2020-07-01,"Negative"
"Cambodia","2020","06",617967000,92601000,"2020 Jun",-525366000,710568000,2020-06-01,"Negative"
"Cambodia","2020","05",661600000,80030000,"2020 May",-581570000,741630000,2020-05-01,"Negative"
"Cambodia","2020","04",77181000,76917000,"2020 Apr",-264000,154098000,2020-04-01,"Negative"
"Cambodia","2020","03",162348000,240034000,"2020 Mar",77686000,402382000,2020-03-01,"Positive"
"Cambodia","2020","02",196936000,173729000,"2020 Feb",-23207000,370665000,2020-02-01,"Negative"
"Cambodia","2020","01",17055000,217874000,"2020 Jan",200819000,234929000,2020-01-01,"Positive"
"Cambodia","2019","12",24995000,434667000,"2019 Dec",409672000,459662000,2019-12-01,"Positive"
"Cambodia","2019","11",61915000,434454000,"2019 Nov",372539000,496369000,2019-11-01,"Positive"
"Cambodia","2019","10",176292000,129763000,"2019 Oct",-46529000,306055000,2019-10-01,"Negative"
"Cambodia","2019","09",362424000,97695000,"2019 Sep",-264729000,460119000,2019-09-01,"Negative"
"Cambodia","2019","08",818065000,87755000,"2019 Aug",-730310000,905820000,2019-08-01,"Negative"
"Cambodia","2019","07",710628000,136053000,"2019 Jul",-574575000,846681000,2019-07-01,"Negative"
"Cambodia","2019","06",645601000,108174000,"2019 Jun",-537427000,753775000,2019-06-01,"Negative"
"Cambodia","2019","05",11162000,304347000,"2019 May",293185000,315509000,2019-05-01,"Positive"
"Cambodia","2019","04",12831000,461272000,"2019 Apr",448441000,474103000,2019-04-01,"Positive"
"Cambodia","2019","03",9991000,357207000,"2019 Mar",347216000,367198000,2019-03-01,"Positive"
"Cambodia","2019","02",14094000,183143000,"2019 Feb",169049000,197237000,2019-02-01,"Positive"
"Cambodia","2019","01",15628000,362730000,"2019 Jan",347102000,378358000,2019-01-01,"Positive"
"Cambodia","2018","12",12832000,289317000,"2018 Dec",276485000,302149000,2018-12-01,"Positive"
"Cambodia","2018","11",14428000,490688000,"2018 Nov",476260000,505116000,2018-11-01,"Positive"
"Cambodia","2018","10",10617000,452243000,"2018 Oct",441626000,462860000,2018-10-01,"Positive"
"Cambodia","2018","09",8093000,633121000,"2018 Sep",625028000,641214000,2018-09-01,"Positive"
"Cambodia","2018","08",17767000,844380000,"2018 Aug",826613000,862147000,2018-08-01,"Positive"
"Cambodia","2018","07",17059000,924408000,"2018 Jul",907349000,941467000,2018-07-01,"Positive"
"Cambodia","2018","06",13917000,677612000,"2018 Jun",663695000,691529000,2018-06-01,"Positive"
"Cambodia","2018","05",10135000,726713000,"2018 May",716578000,736848000,2018-05-01,"Positive"
"Cambodia","2018","04",8045000,349437000,"2018 Apr",341392000,357482000,2018-04-01,"Positive"
"Cambodia","2018","03",21675000,431680000,"2018 Mar",410005000,453355000,2018-03-01,"Positive"
"Cambodia","2018","02",11948000,511201000,"2018 Feb",499253000,523149000,2018-02-01,"Positive"
"Cambodia","2018","01",15590000,117657000,"2018 Jan",102067000,133247000,2018-01-01,"Positive"
"Laos","2022","01",16693000,12861000,"2022 Jan",-3832000,29554000,2022-01-01,"Negative"
"Laos","2021","12",10234000,36482000,"2021 Dec",26248000,46716000,2021-12-01,"Positive"
"Laos","2021","11",5968000,8414000,"2021 Nov",2446000,14382000,2021-11-01,"Positive"
"Laos","2021","10",361000,4406000,"2021 Oct",4045000,4767000,2021-10-01,"Positive"
"Laos","2021","09",2909000,3217000,"2021 Sep",308000,6126000,2021-09-01,"Positive"
"Laos","2021","08",3027000,3716000,"2021 Aug",689000,6743000,2021-08-01,"Positive"
"Laos","2021","07",504000,3072000,"2021 Jul",2568000,3576000,2021-07-01,"Positive"
"Laos","2021","06",391000,8148000,"2021 Jun",7757000,8539000,2021-06-01,"Positive"
"Laos","2021","05",1718000,2739000,"2021 May",1021000,4457000,2021-05-01,"Positive"
"Laos","2021","04",352000,2824000,"2021 Apr",2472000,3176000,2021-04-01,"Positive"
"Laos","2021","03",2849000,5464000,"2021 Mar",2615000,8313000,2021-03-01,"Positive"
"Laos","2021","02",3970000,3497000,"2021 Feb",-473000,7467000,2021-02-01,"Negative"
"Laos","2021","01",1657000,2815000,"2021 Jan",1158000,4472000,2021-01-01,"Positive"
"Laos","2020","12",830000,2842000,"2020 Dec",2012000,3672000,2020-12-01,"Positive"
"Laos","2020","11",384000,3357000,"2020 Nov",2973000,3741000,2020-11-01,"Positive"
"Laos","2020","10",1776000,2423000,"2020 Oct",647000,4199000,2020-10-01,"Positive"
"Laos","2020","09",25133000,2401000,"2020 Sep",-22732000,27534000,2020-09-01,"Negative"
"Laos","2020","08",48458000,2322000,"2020 Aug",-46136000,50780000,2020-08-01,"Negative"
"Laos","2020","07",35564000,3055000,"2020 Jul",-32509000,38619000,2020-07-01,"Negative"
"Laos","2020","06",13475000,1511000,"2020 Jun",-11964000,14986000,2020-06-01,"Negative"
"Laos","2020","05",311000,2353000,"2020 May",2042000,2664000,2020-05-01,"Positive"
"Laos","2020","04",409000,1738000,"2020 Apr",1329000,2147000,2020-04-01,"Positive"
"Laos","2020","03",1134000,3702000,"2020 Mar",2568000,4836000,2020-03-01,"Positive"
"Laos","2020","02",1263000,4108000,"2020 Feb",2845000,5371000,2020-02-01,"Positive"
"Laos","2020","01",525000,7018000,"2020 Jan",6493000,7543000,2020-01-01,"Positive"
"Laos","2019","12",907000,7954000,"2019 Dec",7047000,8861000,2019-12-01,"Positive"
"Laos","2019","11",1438000,11092000,"2019 Nov",9654000,12530000,2019-11-01,"Positive"
"Laos","2019","10",747000,6442000,"2019 Oct",5695000,7189000,2019-10-01,"Positive"
"Laos","2019","09",1031000,4505000,"2019 Sep",3474000,5536000,2019-09-01,"Positive"
"Laos","2019","08",698000,4224000,"2019 Aug",3526000,4922000,2019-08-01,"Positive"
"Laos","2019","07",1349000,3774000,"2019 Jul",2425000,5123000,2019-07-01,"Positive"
"Laos","2019","06",418000,5492000,"2019 Jun",5074000,5910000,2019-06-01,"Positive"
"Laos","2019","05",857000,5024000,"2019 May",4167000,5881000,2019-05-01,"Positive"
"Laos","2019","04",1462000,3709000,"2019 Apr",2247000,5171000,2019-04-01,"Positive"
"Laos","2019","03",773000,9619000,"2019 Mar",8846000,10392000,2019-03-01,"Positive"
"Laos","2019","02",286000,5317000,"2019 Feb",5031000,5603000,2019-02-01,"Positive"
"Laos","2019","01",1418000,5648000,"2019 Jan",4230000,7066000,2019-01-01,"Positive"
"Laos","2018","12",1716000,4670000,"2018 Dec",2954000,6386000,2018-12-01,"Positive"
"Laos","2018","11",973000,9372000,"2018 Nov",8399000,10345000,2018-11-01,"Positive"
"Laos","2018","10",345000,5840000,"2018 Oct",5495000,6185000,2018-10-01,"Positive"
"Laos","2018","09",573000,5972000,"2018 Sep",5399000,6545000,2018-09-01,"Positive"
"Laos","2018","08",450000,8439000,"2018 Aug",7989000,8889000,2018-08-01,"Positive"
"Laos","2018","07",865000,2717000,"2018 Jul",1852000,3582000,2018-07-01,"Positive"
"Laos","2018","06",1163000,2420000,"2018 Jun",1257000,3583000,2018-06-01,"Positive"
"Laos","2018","05",733000,4045000,"2018 May",3312000,4778000,2018-05-01,"Positive"
"Laos","2018","04",1315000,4874000,"2018 Apr",3559000,6189000,2018-04-01,"Positive"
"Laos","2018","03",1235000,2949000,"2018 Mar",1714000,4184000,2018-03-01,"Positive"
"Laos","2018","02",1558000,3731000,"2018 Feb",2173000,5289000,2018-02-01,"Positive"
"Laos","2018","01",538000,4009000,"2018 Jan",3471000,4547000,2018-01-01,"Positive"
"Vietnam","2022","01",561238000,1799861000,"2022 Jan",1238623000,2361099000,2022-01-01,"Positive"
"Vietnam","2021","12",543819000,2274199000,"2021 Dec",1730380000,2818018000,2021-12-01,"Positive"
"Vietnam","2021","11",522067000,1928255000,"2021 Nov",1406188000,2450322000,2021-11-01,"Positive"
"Vietnam","2021","10",482411000,1704354000,"2021 Oct",1221943000,2186765000,2021-10-01,"Positive"
"Vietnam","2021","09",457422000,1715696000,"2021 Sep",1258274000,2173118000,2021-09-01,"Positive"
"Vietnam","2021","08",458180000,1742412000,"2021 Aug",1284232000,2200592000,2021-08-01,"Positive"
"Vietnam","2021","07",546322000,1648685000,"2021 Jul",1102363000,2195007000,2021-07-01,"Positive"
"Vietnam","2021","06",493850000,1741781000,"2021 Jun",1247931000,2235631000,2021-06-01,"Positive"
"Vietnam","2021","05",452596000,1581962000,"2021 May",1129366000,2034558000,2021-05-01,"Positive"
"Vietnam","2021","04",517227000,1770996000,"2021 Apr",1253769000,2288223000,2021-04-01,"Positive"
"Vietnam","2021","03",541037000,1758115000,"2021 Mar",1217078000,2299152000,2021-03-01,"Positive"
"Vietnam","2021","02",441952000,1402805000,"2021 Feb",960853000,1844757000,2021-02-01,"Positive"
"Vietnam","2021","01",428287000,1766128000,"2021 Jan",1337841000,2194415000,2021-01-01,"Positive"
"Vietnam","2020","12",448861000,1636831000,"2020 Dec",1187970000,2085692000,2020-12-01,"Positive"
"Vietnam","2020","11",452676000,1517606000,"2020 Nov",1064930000,1970282000,2020-11-01,"Positive"
"Vietnam","2020","10",461096000,1433309000,"2020 Oct",972213000,1894405000,2020-10-01,"Positive"
"Vietnam","2020","09",387740000,1499010000,"2020 Sep",1111270000,1886750000,2020-09-01,"Positive"
"Vietnam","2020","08",416849000,1463700000,"2020 Aug",1046851000,1880549000,2020-08-01,"Positive"
"Vietnam","2020","07",368501000,1533658000,"2020 Jul",1165157000,1902159000,2020-07-01,"Positive"
"Vietnam","2020","06",312667000,1563752000,"2020 Jun",1251085000,1876419000,2020-06-01,"Positive"
"Vietnam","2020","05",337519000,1221984000,"2020 May",884465000,1559503000,2020-05-01,"Positive"
"Vietnam","2020","04",832510000,1013515000,"2020 Apr",181005000,1846025000,2020-04-01,"Positive"
"Vietnam","2020","03",563463000,1378299000,"2020 Mar",814836000,1941762000,2020-03-01,"Positive"
"Vietnam","2020","02",570763000,1528014000,"2020 Feb",957251000,2098777000,2020-02-01,"Positive"
"Vietnam","2020","01",381987000,1361099000,"2020 Jan",979112000,1743086000,2020-01-01,"Positive"
"Vietnam","2019","12",354672000,1484885000,"2019 Dec",1130213000,1839557000,2019-12-01,"Positive"
"Vietnam","2019","11",385030000,1508607000,"2019 Nov",1123577000,1893637000,2019-11-01,"Positive"
"Vietnam","2019","10",361427000,1576016000,"2019 Oct",1214589000,1937443000,2019-10-01,"Positive"
"Vietnam","2019","09",371817000,1319116000,"2019 Sep",947299000,1690933000,2019-09-01,"Positive"
"Vietnam","2019","08",549624000,1647922000,"2019 Aug",1098298000,2197546000,2019-08-01,"Positive"
"Vietnam","2019","07",497978000,1403618000,"2019 Jul",905640000,1901596000,2019-07-01,"Positive"
"Vietnam","2019","06",391142000,1413231000,"2019 Jun",1022089000,1804373000,2019-06-01,"Positive"
"Vietnam","2019","05",492024000,1583985000,"2019 May",1091961000,2076009000,2019-05-01,"Positive"
"Vietnam","2019","04",408524000,1441410000,"2019 Apr",1032886000,1849934000,2019-04-01,"Positive"
"Vietnam","2019","03",460489000,1480567000,"2019 Mar",1020078000,1941056000,2019-03-01,"Positive"
"Vietnam","2019","02",281470000,1391676000,"2019 Feb",1110206000,1673146000,2019-02-01,"Positive"
"Vietnam","2019","01",420415000,1431480000,"2019 Jan",1011065000,1851895000,2019-01-01,"Positive"
"Vietnam","2018","12",384254000,1439812000,"2018 Dec",1055558000,1824066000,2018-12-01,"Positive"
"Vietnam","2018","11",400833000,1363232000,"2018 Nov",962399000,1764065000,2018-11-01,"Positive"
"Vietnam","2018","10",387671000,1594400000,"2018 Oct",1206729000,1982071000,2018-10-01,"Positive"
"Vietnam","2018","09",421636000,1113415000,"2018 Sep",691779000,1535051000,2018-09-01,"Positive"
"Vietnam","2018","08",418678000,1463714000,"2018 Aug",1045036000,1882392000,2018-08-01,"Positive"
"Vietnam","2018","07",442011000,1329095000,"2018 Jul",887084000,1771106000,2018-07-01,"Positive"
"Vietnam","2018","06",389345000,1457307000,"2018 Jun",1067962000,1846652000,2018-06-01,"Positive"
"Vietnam","2018","05",380040000,1457876000,"2018 May",1077836000,1837916000,2018-05-01,"Positive"
"Vietnam","2018","04",378470000,1151407000,"2018 Apr",772937000,1529877000,2018-04-01,"Positive"
"Vietnam","2018","03",413758000,1436304000,"2018 Mar",1022546000,1850062000,2018-03-01,"Positive"
"Vietnam","2018","02",269464000,1053767000,"2018 Feb",784303000,1323231000,2018-02-01,"Positive"
"Vietnam","2018","01",393775000,1368054000,"2018 Jan",974279000,1761829000,2018-01-01,"Positive"
"Japan","2022","01",2448769000,2226140000,"2022 Jan",-222629000,4674909000,2022-01-01,"Negative"
"Japan","2021","12",2802540000,2461955000,"2021 Dec",-340585000,5264495000,2021-12-01,"Negative"
"Japan","2021","11",2508153000,2207061000,"2021 Nov",-301092000,4715214000,2021-11-01,"Negative"
"Japan","2021","10",2573996000,2144334000,"2021 Oct",-429662000,4718330000,2021-10-01,"Negative"
"Japan","2021","09",2579476000,2144273000,"2021 Sep",-435203000,4723749000,2021-09-01,"Negative"
"Japan","2021","08",2193348000,2156629000,"2021 Aug",-36719000,4349977000,2021-08-01,"Negative"
"Japan","2021","07",2562776000,2207935000,"2021 Jul",-354841000,4770711000,2021-07-01,"Negative"
"Japan","2021","06",2332476000,1919748000,"2021 Jun",-412728000,4252224000,2021-06-01,"Negative"
"Japan","2021","05",2128722000,1855420000,"2021 May",-273302000,3984142000,2021-05-01,"Negative"
"Japan","2021","04",2607053000,1965326000,"2021 Apr",-641727000,4572379000,2021-04-01,"Negative"
"Japan","2021","03",2568597000,2045433000,"2021 Mar",-523164000,4614030000,2021-03-01,"Negative"
"Japan","2021","02",2204003000,1752673000,"2021 Feb",-451330000,3956676000,2021-02-01,"Negative"
"Japan","2021","01",2210238000,1777803000,"2021 Jan",-432435000,3988041000,2021-01-01,"Negative"
"Japan","2020","12",2198919000,1974988000,"2020 Dec",-223931000,4173907000,2020-12-01,"Negative"
"Japan","2020","11",1996097000,1968606000,"2020 Nov",-27491000,3964703000,2020-11-01,"Negative"
"Japan","2020","10",2323790000,2045891000,"2020 Oct",-277899000,4369681000,2020-10-01,"Negative"
"Japan","2020","09",1968908000,1946583000,"2020 Sep",-22325000,3915491000,2020-09-01,"Negative"
"Japan","2020","08",1662592000,1744085000,"2020 Aug",81493000,3406677000,2020-08-01,"Positive"
"Japan","2020","07",1955997000,2098399000,"2020 Jul",142402000,4054396000,2020-07-01,"Positive"
"Japan","2020","06",1754589000,2220049000,"2020 Jun",465460000,3974638000,2020-06-01,"Positive"
"Japan","2020","05",1785072000,1949916000,"2020 May",164844000,3734988000,2020-05-01,"Positive"
"Japan","2020","04",2168406000,2314386000,"2020 Apr",145980000,4482792000,2020-04-01,"Positive"
"Japan","2020","03",2606394000,2246814000,"2020 Mar",-359580000,4853208000,2020-03-01,"Negative"
"Japan","2020","02",2427079000,1980315000,"2020 Feb",-446764000,4407394000,2020-02-01,"Negative"
"Japan","2020","01",2138871000,2155267000,"2020 Jan",16396000,4294138000,2020-01-01,"Positive"
"Japan","2019","12",2327212000,2015881000,"2019 Dec",-311331000,4343093000,2019-12-01,"Negative"
"Japan","2019","11",2220738000,2012453000,"2019 Nov",-208285000,4233191000,2019-11-01,"Negative"
"Japan","2019","10",2377473000,2270011000,"2019 Oct",-107462000,4647484000,2019-10-01,"Negative"
"Japan","2019","09",2093934000,2100519000,"2019 Sep",6585000,4194453000,2019-09-01,"Positive"
"Japan","2019","08",2057240000,1853512000,"2019 Aug",-203728000,3910752000,2019-08-01,"Negative"
"Japan","2019","07",2149471000,2169186000,"2019 Jul",19715000,4318657000,2019-07-01,"Positive"
"Japan","2019","06",2054406000,1985399000,"2019 Jun",-69007000,4039805000,2019-06-01,"Negative"
"Japan","2019","05",1981295000,1863141000,"2019 May",-118154000,3844436000,2019-05-01,"Negative"
"Japan","2019","04",2369356000,1855603000,"2019 Apr",-513753000,4224959000,2019-04-01,"Negative"
"Japan","2019","03",2456753000,2034145000,"2019 Mar",-422608000,4490898000,2019-03-01,"Negative"
"Japan","2019","02",2111029000,1714218000,"2019 Feb",-396811000,3825247000,2019-02-01,"Negative"
"Japan","2019","01",2228179000,2181638000,"2019 Jan",-46541000,4409817000,2019-01-01,"Negative"
"Japan","2018","12",2594309000,2054970000,"2018 Dec",-539339000,4649279000,2018-12-01,"Negative"
"Japan","2018","11",2615007000,2421579000,"2018 Nov",-193428000,5036586000,2018-11-01,"Negative"
"Japan","2018","10",2830190000,2475011000,"2018 Oct",-355179000,5305201000,2018-10-01,"Negative"
"Japan","2018","09",2491882000,2262567000,"2018 Sep",-229315000,4754449000,2018-09-01,"Negative"
"Japan","2018","08",2276124000,2354881000,"2018 Aug",78757000,4631005000,2018-08-01,"Positive"
"Japan","2018","07",2471669000,2574959000,"2018 Jul",103290000,5046628000,2018-07-01,"Positive"
"Japan","2018","06",2341431000,2189905000,"2018 Jun",-151526000,4531336000,2018-06-01,"Negative"
"Japan","2018","05",2579926000,2063775000,"2018 May",-516151000,4643701000,2018-05-01,"Negative"
"Japan","2018","04",2518848000,2037429000,"2018 Apr",-481419000,4556277000,2018-04-01,"Negative"
"Japan","2018","03",2570280000,2317648000,"2018 Mar",-252632000,4887928000,2018-03-01,"Negative"
"Japan","2018","02",2471392000,2049410000,"2018 Feb",-421982000,4520802000,2018-02-01,"Negative"
"Japan","2018","01",2141254000,2179039000,"2018 Jan",37785000,4320293000,2018-01-01,"Positive"
"Hong Kong","2022","01",514125000,6511120000,"2022 Jan",5996995000,7025245000,2022-01-01,"Positive"
"Hong Kong","2021","12",419713000,7653966000,"2021 Dec",7234253000,8073679000,2021-12-01,"Positive"
"Hong Kong","2021","11",306125000,7276474000,"2021 Nov",6970349000,7582599000,2021-11-01,"Positive"
"Hong Kong","2021","10",370135000,6395502000,"2021 Oct",6025367000,6765637000,2021-10-01,"Positive"
"Hong Kong","2021","09",362116000,7014963000,"2021 Sep",6652847000,7377079000,2021-09-01,"Positive"
"Hong Kong","2021","08",378221000,7169776000,"2021 Aug",6791555000,7547997000,2021-08-01,"Positive"
"Hong Kong","2021","07",317966000,6494656000,"2021 Jul",6176690000,6812622000,2021-07-01,"Positive"
"Hong Kong","2021","06",439690000,6598202000,"2021 Jun",6158512000,7037892000,2021-06-01,"Positive"
"Hong Kong","2021","05",360761000,7161940000,"2021 May",6801179000,7522701000,2021-05-01,"Positive"
"Hong Kong","2021","04",300514000,6289297000,"2021 Apr",5988783000,6589811000,2021-04-01,"Positive"
"Hong Kong","2021","03",314144000,7470910000,"2021 Mar",7156766000,7785054000,2021-03-01,"Positive"
"Hong Kong","2021","02",350808000,5518278000,"2021 Feb",5167470000,5869086000,2021-02-01,"Positive"
"Hong Kong","2021","01",441015000,5693673000,"2021 Jan",5252658000,6134688000,2021-01-01,"Positive"
"Hong Kong","2020","12",762767000,5941191000,"2020 Dec",5178424000,6703958000,2020-12-01,"Positive"
"Hong Kong","2020","11",450648000,5671808000,"2020 Nov",5221160000,6122456000,2020-11-01,"Positive"
"Hong Kong","2020","10",551319000,5784153000,"2020 Oct",5232834000,6335472000,2020-10-01,"Positive"
"Hong Kong","2020","09",479125000,5594771000,"2020 Sep",5115646000,6073896000,2020-09-01,"Positive"
"Hong Kong","2020","08",460348000,5104848000,"2020 Aug",4644500000,5565196000,2020-08-01,"Positive"
"Hong Kong","2020","07",528709000,5031862000,"2020 Jul",4503153000,5560571000,2020-07-01,"Positive"
"Hong Kong","2020","06",536137000,4886363000,"2020 Jun",4350226000,5422500000,2020-06-01,"Positive"
"Hong Kong","2020","05",170672000,4674102000,"2020 May",4503430000,4844774000,2020-05-01,"Positive"
"Hong Kong","2020","04",302865000,5387093000,"2020 Apr",5084228000,5689958000,2020-04-01,"Positive"
"Hong Kong","2020","03",364163000,5823657000,"2020 Mar",5459494000,6187820000,2020-03-01,"Positive"
"Hong Kong","2020","02",226736000,5116584000,"2020 Feb",4889848000,5343320000,2020-02-01,"Positive"
"Hong Kong","2020","01",391417000,4726790000,"2020 Jan",4335373000,5118207000,2020-01-01,"Positive"
"Hong Kong","2019","12",705193000,4989820000,"2019 Dec",4284627000,5695013000,2019-12-01,"Positive"
"Hong Kong","2019","11",501728000,5305273000,"2019 Nov",4803545000,5807001000,2019-11-01,"Positive"
"Hong Kong","2019","10",350679000,5318992000,"2019 Oct",4968313000,5669671000,2019-10-01,"Positive"
"Hong Kong","2019","09",304566000,5117561000,"2019 Sep",4812995000,5422127000,2019-09-01,"Positive"
"Hong Kong","2019","08",354779000,5317243000,"2019 Aug",4962464000,5672022000,2019-08-01,"Positive"
"Hong Kong","2019","07",246766000,4619185000,"2019 Jul",4372419000,4865951000,2019-07-01,"Positive"
"Hong Kong","2019","06",362273000,4647638000,"2019 Jun",4285365000,5009911000,2019-06-01,"Positive"
"Hong Kong","2019","05",249587000,5383109000,"2019 May",5133522000,5632696000,2019-05-01,"Positive"
"Hong Kong","2019","04",649858000,5098394000,"2019 Apr",4448536000,5748252000,2019-04-01,"Positive"
"Hong Kong","2019","03",539121000,4761017000,"2019 Mar",4221896000,5300138000,2019-03-01,"Positive"
"Hong Kong","2019","02",196772000,4850908000,"2019 Feb",4654136000,5047680000,2019-02-01,"Positive"
"Hong Kong","2019","01",302394000,5133134000,"2019 Jan",4830740000,5435528000,2019-01-01,"Positive"
"Hong Kong","2018","12",346358000,4936298000,"2018 Dec",4589940000,5282656000,2018-12-01,"Positive"
"Hong Kong","2018","11",354924000,6017362000,"2018 Nov",5662438000,6372286000,2018-11-01,"Positive"
"Hong Kong","2018","10",442771000,6179610000,"2018 Oct",5736839000,6622381000,2018-10-01,"Positive"
"Hong Kong","2018","09",467694000,5993971000,"2018 Sep",5526277000,6461665000,2018-09-01,"Positive"
"Hong Kong","2018","08",398583000,6468602000,"2018 Aug",6070019000,6867185000,2018-08-01,"Positive"
"Hong Kong","2018","07",451897000,5828097000,"2018 Jul",5376200000,6279994000,2018-07-01,"Positive"
"Hong Kong","2018","06",539218000,5516836000,"2018 Jun",4977618000,6056054000,2018-06-01,"Positive"
"Hong Kong","2018","05",505200000,5310407000,"2018 May",4805207000,5815607000,2018-05-01,"Positive"
"Hong Kong","2018","04",354758000,4878021000,"2018 Apr",4523263000,5232779000,2018-04-01,"Positive"
"Hong Kong","2018","03",470226000,5324783000,"2018 Mar",4854557000,5795009000,2018-03-01,"Positive"
"Hong Kong","2018","02",285042000,4231724000,"2018 Feb",3946682000,4516766000,2018-02-01,"Positive"
"Hong Kong","2018","01",295245000,4990597000,"2018 Jan",4695352000,5285842000,2018-01-01,"Positive"
"South Korea","2022","01",3341617000,2139478000,"2022 Jan",-1202139000,5481095000,2022-01-01,"Negative"
"South Korea","2021","12",3432708000,2446975000,"2021 Dec",-985733000,5879683000,2021-12-01,"Negative"
"South Korea","2021","11",3111651000,2260605000,"2021 Nov",-851046000,5372256000,2021-11-01,"Negative"
"South Korea","2021","10",2662036000,2267930000,"2021 Oct",-394106000,4929966000,2021-10-01,"Negative"
"South Korea","2021","09",2896750000,2086562000,"2021 Sep",-810188000,4983312000,2021-09-01,"Negative"
"South Korea","2021","08",2540005000,2213401000,"2021 Aug",-326604000,4753406000,2021-08-01,"Negative"
"South Korea","2021","07",2545749000,2203509000,"2021 Jul",-342240000,4749258000,2021-07-01,"Negative"
"South Korea","2021","06",2352789000,2429471000,"2021 Jun",76682000,4782260000,2021-06-01,"Positive"
"South Korea","2021","05",2155556000,1945102000,"2021 May",-210454000,4100658000,2021-05-01,"Negative"
"South Korea","2021","04",2052039000,2431299000,"2021 Apr",379260000,4483338000,2021-04-01,"Positive"
"South Korea","2021","03",2390216000,2385768000,"2021 Mar",-4448000,4775984000,2021-03-01,"Negative"
"South Korea","2021","02",1792797000,1831886000,"2021 Feb",39089000,3624683000,2021-02-01,"Positive"
"South Korea","2021","01",1863922000,1941984000,"2021 Jan",78062000,3805906000,2021-01-01,"Positive"
"South Korea","2020","12",2111471000,2170792000,"2020 Dec",59321000,4282263000,2020-12-01,"Positive"
"South Korea","2020","11",1825903000,1791427000,"2020 Nov",-34476000,3617330000,2020-11-01,"Negative"
"South Korea","2020","10",1863340000,1813083000,"2020 Oct",-50257000,3676423000,2020-10-01,"Negative"
"South Korea","2020","09",1783968000,1848431000,"2020 Sep",64463000,3632399000,2020-09-01,"Positive"
"South Korea","2020","08",1438583000,1896800000,"2020 Aug",458217000,3335383000,2020-08-01,"Positive"
"South Korea","2020","07",1808738000,2083189000,"2020 Jul",274451000,3891927000,2020-07-01,"Positive"
"South Korea","2020","06",1506803000,2112428000,"2020 Jun",605625000,3619231000,2020-06-01,"Positive"
"South Korea","2020","05",1285241000,1483638000,"2020 May",198397000,2768879000,2020-05-01,"Positive"
"South Korea","2020","04",1815269000,1646735000,"2020 Apr",-168534000,3462004000,2020-04-01,"Negative"
"South Korea","2020","03",2006546000,2203105000,"2020 Mar",196559000,4209651000,2020-03-01,"Positive"
"South Korea","2020","02",1927140000,2064426000,"2020 Feb",137286000,3991566000,2020-02-01,"Positive"
"South Korea","2020","01",2078134000,2003359000,"2020 Jan",-74775000,4081493000,2020-01-01,"Negative"
"South Korea","2019","12",1644943000,2088550000,"2019 Dec",443607000,3733493000,2019-12-01,"Positive"
"South Korea","2019","11",1445333000,1714793000,"2019 Nov",269460000,3160126000,2019-11-01,"Positive"
"South Korea","2019","10",1688766000,1662753000,"2019 Oct",-26013000,3351519000,2019-10-01,"Negative"
"South Korea","2019","09",1534499000,1736843000,"2019 Sep",202344000,3271342000,2019-09-01,"Positive"
"South Korea","2019","08",1222999000,1624531000,"2019 Aug",401532000,2847530000,2019-08-01,"Positive"
"South Korea","2019","07",1438297000,1846168000,"2019 Jul",407871000,3284465000,2019-07-01,"Positive"
"South Korea","2019","06",1470255000,1618048000,"2019 Jun",147793000,3088303000,2019-06-01,"Positive"
"South Korea","2019","05",1639440000,1789220000,"2019 May",149780000,3428660000,2019-05-01,"Positive"
"South Korea","2019","04",1545584000,1681787000,"2019 Apr",136203000,3227371000,2019-04-01,"Positive"
"South Korea","2019","03",1848609000,1890180000,"2019 Mar",41571000,3738789000,2019-03-01,"Positive"
"South Korea","2019","02",1615664000,1427754000,"2019 Feb",-187910000,3043418000,2019-02-01,"Negative"
"South Korea","2019","01",1596669000,1669616000,"2019 Jan",72947000,3266285000,2019-01-01,"Positive"
"South Korea","2018","12",1497781000,1832691000,"2018 Dec",334910000,3330472000,2018-12-01,"Positive"
"South Korea","2018","11",1550775000,1633360000,"2018 Nov",82585000,3184135000,2018-11-01,"Positive"
"South Korea","2018","10",2007799000,1930037000,"2018 Oct",-77762000,3937836000,2018-10-01,"Negative"
"South Korea","2018","09",1719019000,1604687000,"2018 Sep",-114332000,3323706000,2018-09-01,"Negative"
"South Korea","2018","08",1742934000,1593456000,"2018 Aug",-149478000,3336390000,2018-08-01,"Negative"
"South Korea","2018","07",1696006000,1714886000,"2018 Jul",18880000,3410892000,2018-07-01,"Positive"
"South Korea","2018","06",1436604000,1769030000,"2018 Jun",332426000,3205634000,2018-06-01,"Positive"
"South Korea","2018","05",1501224000,1737464000,"2018 May",236240000,3238688000,2018-05-01,"Positive"
"South Korea","2018","04",1509479000,1691584000,"2018 Apr",182105000,3201063000,2018-04-01,"Positive"
"South Korea","2018","03",1590256000,2147324000,"2018 Mar",557068000,3737580000,2018-03-01,"Positive"
"South Korea","2018","02",1350941000,1576288000,"2018 Feb",225347000,2927229000,2018-02-01,"Positive"
"South Korea","2018","01",1558025000,1894693000,"2018 Jan",336668000,3452718000,2018-01-01,"Positive"
"Taiwan","2022","01",6978733000,2850009000,"2022 Jan",-4128724000,9828742000,2022-01-01,"Negative"
"Taiwan","2021","12",6949931000,2942434000,"2021 Dec",-4007497000,9892365000,2021-12-01,"Negative"
"Taiwan","2021","11",6462480000,3012214000,"2021 Nov",-3450266000,9474694000,2021-11-01,"Negative"
"Taiwan","2021","10",6053996000,2737217000,"2021 Oct",-3316779000,8791213000,2021-10-01,"Negative"
"Taiwan","2021","09",6184737000,2484410000,"2021 Sep",-3700327000,8669147000,2021-09-01,"Negative"
"Taiwan","2021","08",6519894000,2978902000,"2021 Aug",-3540992000,9498796000,2021-08-01,"Negative"
"Taiwan","2021","07",6094544000,2677135000,"2021 Jul",-3417409000,8771679000,2021-07-01,"Negative"
"Taiwan","2021","06",5420654000,2374868000,"2021 Jun",-3045786000,7795522000,2021-06-01,"Negative"
"Taiwan","2021","05",4846977000,2356025000,"2021 May",-2490952000,7203002000,2021-05-01,"Negative"
"Taiwan","2021","04",5220537000,2431138000,"2021 Apr",-2789399000,7651675000,2021-04-01,"Negative"
"Taiwan","2021","03",5375548000,2661713000,"2021 Mar",-2713835000,8037261000,2021-03-01,"Negative"
"Taiwan","2021","02",4566233000,2207809000,"2021 Feb",-2358424000,6774042000,2021-02-01,"Negative"
"Taiwan","2021","01",4930154000,2422816000,"2021 Jan",-2507338000,7352970000,2021-01-01,"Negative"
"Taiwan","2020","12",4911663000,2729473000,"2020 Dec",-2182190000,7641136000,2020-12-01,"Negative"
"Taiwan","2020","11",4524369000,2191565000,"2020 Nov",-2332804000,6715934000,2020-11-01,"Negative"
"Taiwan","2020","10",4501984000,2127798000,"2020 Oct",-2374186000,6629782000,2020-10-01,"Negative"
"Taiwan","2020","09",4566452000,2200083000,"2020 Sep",-2366369000,6766535000,2020-09-01,"Negative"
"Taiwan","2020","08",4235913000,2029872000,"2020 Aug",-2206041000,6265785000,2020-08-01,"Negative"
"Taiwan","2020","07",4299946000,2076340000,"2020 Jul",-2223606000,6376286000,2020-07-01,"Negative"
"Taiwan","2020","06",4333513000,2016863000,"2020 Jun",-2316650000,6350376000,2020-06-01,"Negative"
"Taiwan","2020","05",3711610000,1723954000,"2020 May",-1987656000,5435564000,2020-05-01,"Negative"
"Taiwan","2020","04",3910062000,2063432000,"2020 Apr",-1846630000,5973494000,2020-04-01,"Negative"
"Taiwan","2020","03",3852722000,2122623000,"2020 Mar",-1730099000,5975345000,2020-03-01,"Negative"
"Taiwan","2020","02",3647659000,1972685000,"2020 Feb",-1674974000,5620344000,2020-02-01,"Negative"
"Taiwan","2020","01",3571356000,1879918000,"2020 Jan",-1691438000,5451274000,2020-01-01,"Negative"
"Taiwan","2019","12",3625654000,2167073000,"2019 Dec",-1458581000,5792727000,2019-12-01,"Negative"
"Taiwan","2019","11",3674156000,1916191000,"2019 Nov",-1757965000,5590347000,2019-11-01,"Negative"
"Taiwan","2019","10",4397039000,2208896000,"2019 Oct",-2188143000,6605935000,2019-10-01,"Negative"
"Taiwan","2019","09",3766850000,2144440000,"2019 Sep",-1622410000,5911290000,2019-09-01,"Negative"
"Taiwan","2019","08",3945610000,1871820000,"2019 Aug",-2073790000,5817430000,2019-08-01,"Negative"
"Taiwan","2019","07",3917960000,1802511000,"2019 Jul",-2115449000,5720471000,2019-07-01,"Negative"
"Taiwan","2019","06",3577342000,1687060000,"2019 Jun",-1890282000,5264402000,2019-06-01,"Negative"
"Taiwan","2019","05",3909567000,1550078000,"2019 May",-2359489000,5459645000,2019-05-01,"Negative"
"Taiwan","2019","04",3603881000,1740748000,"2019 Apr",-1863133000,5344629000,2019-04-01,"Negative"
"Taiwan","2019","03",3336366000,1784140000,"2019 Mar",-1552226000,5120506000,2019-03-01,"Negative"
"Taiwan","2019","02",2801354000,1604489000,"2019 Feb",-1196865000,4405843000,2019-02-01,"Negative"
"Taiwan","2019","01",3611998000,1881308000,"2019 Jan",-1730690000,5493306000,2019-01-01,"Negative"
"Taiwan","2018","12",3589339000,1996893000,"2018 Dec",-1592446000,5586232000,2018-12-01,"Negative"
"Taiwan","2018","11",4020530000,2188650000,"2018 Nov",-1831880000,6209180000,2018-11-01,"Negative"
"Taiwan","2018","10",3923546000,2149256000,"2018 Oct",-1774290000,6072802000,2018-10-01,"Negative"
"Taiwan","2018","09",3590878000,1772053000,"2018 Sep",-1818825000,5362931000,2018-09-01,"Negative"
"Taiwan","2018","08",3790209000,2183802000,"2018 Aug",-1606407000,5974011000,2018-08-01,"Negative"
"Taiwan","2018","07",4119032000,1845554000,"2018 Jul",-2273478000,5964586000,2018-07-01,"Negative"
"Taiwan","2018","06",3644086000,1838204000,"2018 Jun",-1805882000,5482290000,2018-06-01,"Negative"
"Taiwan","2018","05",3687381000,1858586000,"2018 May",-1828795000,5545967000,2018-05-01,"Negative"
"Taiwan","2018","04",3200517000,1730754000,"2018 Apr",-1469763000,4931271000,2018-04-01,"Negative"
"Taiwan","2018","03",3112775000,1860365000,"2018 Mar",-1252410000,4973140000,2018-03-01,"Negative"
"Taiwan","2018","02",2510721000,1638160000,"2018 Feb",-872561000,4148881000,2018-02-01,"Negative"
"Taiwan","2018","01",3226434000,1823698000,"2018 Jan",-1402736000,5050132000,2018-01-01,"Negative"
"Macau","2022","01",1829000,20555000,"2022 Jan",18726000,22384000,2022-01-01,"Positive"
"Macau","2021","12",3251000,41104000,"2021 Dec",37853000,44355000,2021-12-01,"Positive"
"Macau","2021","11",922000,33318000,"2021 Nov",32396000,34240000,2021-11-01,"Positive"
"Macau","2021","10",1348000,17312000,"2021 Oct",15964000,18660000,2021-10-01,"Positive"
"Macau","2021","09",1853000,29593000,"2021 Sep",27740000,31446000,2021-09-01,"Positive"
"Macau","2021","08",1381000,41994000,"2021 Aug",40613000,43375000,2021-08-01,"Positive"
"Macau","2021","07",2016000,23981000,"2021 Jul",21965000,25997000,2021-07-01,"Positive"
"Macau","2021","06",1074000,19661000,"2021 Jun",18587000,20735000,2021-06-01,"Positive"
"Macau","2021","05",728000,22856000,"2021 May",22128000,23584000,2021-05-01,"Positive"
"Macau","2021","04",229000,13294000,"2021 Apr",13065000,13523000,2021-04-01,"Positive"
"Macau","2021","03",547000,23576000,"2021 Mar",23029000,24123000,2021-03-01,"Positive"
"Macau","2021","02",7e+05,14679000,"2021 Feb",13979000,15379000,2021-02-01,"Positive"
"Macau","2021","01",2864000,14456000,"2021 Jan",11592000,17320000,2021-01-01,"Positive"
"Macau","2020","12",1974000,32529000,"2020 Dec",30555000,34503000,2020-12-01,"Positive"
"Macau","2020","11",910000,35036000,"2020 Nov",34126000,35946000,2020-11-01,"Positive"
"Macau","2020","10",372000,18680000,"2020 Oct",18308000,19052000,2020-10-01,"Positive"
"Macau","2020","09",917000,23349000,"2020 Sep",22432000,24266000,2020-09-01,"Positive"
"Macau","2020","08",417000,14557000,"2020 Aug",14140000,14974000,2020-08-01,"Positive"
"Macau","2020","07",471000,11030000,"2020 Jul",10559000,11501000,2020-07-01,"Positive"
"Macau","2020","06",449000,10509000,"2020 Jun",10060000,10958000,2020-06-01,"Positive"
"Macau","2020","05",592000,6912000,"2020 May",6320000,7504000,2020-05-01,"Positive"
"Macau","2020","04",1222000,8588000,"2020 Apr",7366000,9810000,2020-04-01,"Positive"
"Macau","2020","03",486000,10042000,"2020 Mar",9556000,10528000,2020-03-01,"Positive"
"Macau","2020","02",2437000,7233000,"2020 Feb",4796000,9670000,2020-02-01,"Positive"
"Macau","2020","01",1e+06,19517000,"2020 Jan",18517000,20517000,2020-01-01,"Positive"
"Macau","2019","12",1038000,25424000,"2019 Dec",24386000,26462000,2019-12-01,"Positive"
"Macau","2019","11",1150000,16576000,"2019 Nov",15426000,17726000,2019-11-01,"Positive"
"Macau","2019","10",2892000,21133000,"2019 Oct",18241000,24025000,2019-10-01,"Positive"
"Macau","2019","09",777000,17760000,"2019 Sep",16983000,18537000,2019-09-01,"Positive"
"Macau","2019","08",584000,18398000,"2019 Aug",17814000,18982000,2019-08-01,"Positive"
"Macau","2019","07",941000,16286000,"2019 Jul",15345000,17227000,2019-07-01,"Positive"
"Macau","2019","06",930000,27566000,"2019 Jun",26636000,28496000,2019-06-01,"Positive"
"Macau","2019","05",948000,21730000,"2019 May",20782000,22678000,2019-05-01,"Positive"
"Macau","2019","04",768000,27571000,"2019 Apr",26803000,28339000,2019-04-01,"Positive"
"Macau","2019","03",1282000,26268000,"2019 Mar",24986000,27550000,2019-03-01,"Positive"
"Macau","2019","02",1487000,19905000,"2019 Feb",18418000,21392000,2019-02-01,"Positive"
"Macau","2019","01",6196000,34105000,"2019 Jan",27909000,40301000,2019-01-01,"Positive"
"Macau","2018","12",2250000,46612000,"2018 Dec",44362000,48862000,2018-12-01,"Positive"
"Macau","2018","11",1824000,46877000,"2018 Nov",45053000,48701000,2018-11-01,"Positive"
"Macau","2018","10",1963000,62320000,"2018 Oct",60357000,64283000,2018-10-01,"Positive"
"Macau","2018","09",1785000,34933000,"2018 Sep",33148000,36718000,2018-09-01,"Positive"
"Macau","2018","08",1788000,31742000,"2018 Aug",29954000,33530000,2018-08-01,"Positive"
"Macau","2018","07",1961000,38449000,"2018 Jul",36488000,40410000,2018-07-01,"Positive"
"Macau","2018","06",1310000,49080000,"2018 Jun",47770000,50390000,2018-06-01,"Positive"
"Macau","2018","05",1243000,34344000,"2018 May",33101000,35587000,2018-05-01,"Positive"
"Macau","2018","04",1582000,34947000,"2018 Apr",33365000,36529000,2018-04-01,"Positive"
"Macau","2018","03",1118000,35246000,"2018 Mar",34128000,36364000,2018-03-01,"Positive"
"Macau","2018","02",1375000,33891000,"2018 Feb",32516000,35266000,2018-02-01,"Positive"
"Macau","2018","01",1299000,41987000,"2018 Jan",40688000,43286000,2018-01-01,"Positive"
"Mainland China","2022","01",6389558000,7167019000,"2022 Jan",777461000,13556577000,2022-01-01,"Positive"
"Mainland China","2021","12",7876015000,9215862000,"2021 Dec",1339847000,17091877000,2021-12-01,"Positive"
"Mainland China","2021","11",6670871000,8281345000,"2021 Nov",1610474000,14952216000,2021-11-01,"Positive"
"Mainland China","2021","10",6026092000,8461516000,"2021 Oct",2435424000,14487608000,2021-10-01,"Positive"
"Mainland China","2021","09",6016585000,8785105000,"2021 Sep",2768520000,14801690000,2021-09-01,"Positive"
"Mainland China","2021","08",5467821000,8134968000,"2021 Aug",2667147000,13602789000,2021-08-01,"Positive"
"Mainland China","2021","07",5526552000,7991895000,"2021 Jul",2465343000,13518447000,2021-07-01,"Positive"
"Mainland China","2021","06",6198485000,7300460000,"2021 Jun",1101975000,13498945000,2021-06-01,"Positive"
"Mainland China","2021","05",5799262000,6720024000,"2021 May",920762000,12519286000,2021-05-01,"Positive"
"Mainland China","2021","04",6329544000,7838848000,"2021 Apr",1509304000,14168392000,2021-04-01,"Positive"
"Mainland China","2021","03",6291717000,7270148000,"2021 Mar",978431000,13561865000,2021-03-01,"Positive"
"Mainland China","2021","02",4989727000,5255659000,"2021 Feb",265932000,10245386000,2021-02-01,"Positive"
"Mainland China","2021","01",6121009000,5682689000,"2021 Jan",-438320000,11803698000,2021-01-01,"Negative"
"Mainland China","2020","12",6202327000,7090834000,"2020 Dec",888507000,13293161000,2020-12-01,"Positive"
"Mainland China","2020","11",6280686000,6852887000,"2020 Nov",572201000,13133573000,2020-11-01,"Positive"
"Mainland China","2020","10",5142563000,6992713000,"2020 Oct",1850150000,12135276000,2020-10-01,"Positive"
"Mainland China","2020","09",5479579000,6561515000,"2020 Sep",1081936000,12041094000,2020-09-01,"Positive"
"Mainland China","2020","08",5574117000,7970167000,"2020 Aug",2396050000,13544284000,2020-08-01,"Positive"
"Mainland China","2020","07",5539168000,5395714000,"2020 Jul",-143454000,10934882000,2020-07-01,"Negative"
"Mainland China","2020","06",5288235000,5603145000,"2020 Jun",314910000,10891380000,2020-06-01,"Positive"
"Mainland China","2020","05",4843684000,5080433000,"2020 May",236749000,9924117000,2020-05-01,"Positive"
"Mainland China","2020","04",5583246000,5038157000,"2020 Apr",-545089000,10621403000,2020-04-01,"Negative"
"Mainland China","2020","03",5979894000,5255263000,"2020 Mar",-724631000,11235157000,2020-03-01,"Negative"
"Mainland China","2020","02",3978903000,3910570000,"2020 Feb",-68333000,7889473000,2020-02-01,"Negative"
"Mainland China","2020","01",5469816000,5091217000,"2020 Jan",-378599000,10561033000,2020-01-01,"Negative"
"Mainland China","2019","12",5992603000,7002394000,"2019 Dec",1009791000,12994997000,2019-12-01,"Positive"
"Mainland China","2019","11",6389373000,6333733000,"2019 Nov",-55640000,12723106000,2019-11-01,"Negative"
"Mainland China","2019","10",6125550000,5678921000,"2019 Oct",-446629000,11804471000,2019-10-01,"Negative"
"Mainland China","2019","09",5610908000,5533113000,"2019 Sep",-77795000,11144021000,2019-09-01,"Negative"
"Mainland China","2019","08",5045005000,7122974000,"2019 Aug",2077969000,12167979000,2019-08-01,"Positive"
"Mainland China","2019","07",5612189000,5760476000,"2019 Jul",148287000,11372665000,2019-07-01,"Positive"
"Mainland China","2019","06",5061627000,5282330000,"2019 Jun",220703000,10343957000,2019-06-01,"Positive"
"Mainland China","2019","05",5634955000,5568856000,"2019 May",-66099000,11203811000,2019-05-01,"Negative"
"Mainland China","2019","04",5580044000,5923752000,"2019 Apr",343708000,11503796000,2019-04-01,"Positive"
"Mainland China","2019","03",5584684000,5308136000,"2019 Mar",-276548000,10892820000,2019-03-01,"Negative"
"Mainland China","2019","02",4036953000,5869551000,"2019 Feb",1832598000,9906504000,2019-02-01,"Positive"
"Mainland China","2019","01",6216589000,5037750000,"2019 Jan",-1178839000,11254339000,2019-01-01,"Negative"
"Mainland China","2018","12",5708998000,5755033000,"2018 Dec",46035000,11464031000,2018-12-01,"Positive"
"Mainland China","2018","11",5832477000,6130604000,"2018 Nov",298127000,11963081000,2018-11-01,"Positive"
"Mainland China","2018","10",5974420000,6157103000,"2018 Oct",182683000,12131523000,2018-10-01,"Positive"
"Mainland China","2018","09",5370519000,5010890000,"2018 Sep",-359629000,10381409000,2018-09-01,"Negative"
"Mainland China","2018","08",5729995000,5851098000,"2018 Aug",121103000,11581093000,2018-08-01,"Positive"
"Mainland China","2018","07",5842312000,5807736000,"2018 Jul",-34576000,11650048000,2018-07-01,"Negative"
"Mainland China","2018","06",5560838000,5505103000,"2018 Jun",-55735000,11065941000,2018-06-01,"Negative"
"Mainland China","2018","05",5899269000,6189917000,"2018 May",290648000,12089186000,2018-05-01,"Positive"
"Mainland China","2018","04",5552018000,5861195000,"2018 Apr",309177000,11413213000,2018-04-01,"Positive"
"Mainland China","2018","03",5140104000,5408722000,"2018 Mar",268618000,10548826000,2018-03-01,"Positive"
"Mainland China","2018","02",4746646000,4646282000,"2018 Feb",-100364000,9392928000,2018-02-01,"Negative"
"Mainland China","2018","01",5650672000,5688467000,"2018 Jan",37795000,11339139000,2018-01-01,"Positive"
"Afghanistan","2022","01",20000,527000,"2022 Jan",507000,547000,2022-01-01,"Positive"
"Afghanistan","2021","12",63000,510000,"2021 Dec",447000,573000,2021-12-01,"Positive"
"Afghanistan","2021","11",18000,281000,"2021 Nov",263000,299000,2021-11-01,"Positive"
"Afghanistan","2021","10",32000,198000,"2021 Oct",166000,230000,2021-10-01,"Positive"
"Afghanistan","2021","09",28000,321000,"2021 Sep",293000,349000,2021-09-01,"Positive"
"Afghanistan","2021","08",47000,419000,"2021 Aug",372000,466000,2021-08-01,"Positive"
"Afghanistan","2021","07",2538000,738000,"2021 Jul",-1800000,3276000,2021-07-01,"Negative"
"Afghanistan","2021","06",51000,1996000,"2021 Jun",1945000,2047000,2021-06-01,"Positive"
"Afghanistan","2021","05",133000,1621000,"2021 May",1488000,1754000,2021-05-01,"Positive"
"Afghanistan","2021","04",32000,1190000,"2021 Apr",1158000,1222000,2021-04-01,"Positive"
"Afghanistan","2021","03",133000,3687000,"2021 Mar",3554000,3820000,2021-03-01,"Positive"
"Afghanistan","2021","02",18000,1614000,"2021 Feb",1596000,1632000,2021-02-01,"Positive"
"Afghanistan","2021","01",139000,501000,"2021 Jan",362000,640000,2021-01-01,"Positive"
"Afghanistan","2020","12",45000,877000,"2020 Dec",832000,922000,2020-12-01,"Positive"
"Afghanistan","2020","11",18000,648000,"2020 Nov",630000,666000,2020-11-01,"Positive"
"Afghanistan","2020","10",19000,967000,"2020 Oct",948000,986000,2020-10-01,"Positive"
"Afghanistan","2020","09",13000,2796000,"2020 Sep",2783000,2809000,2020-09-01,"Positive"
"Afghanistan","2020","08",38000,993000,"2020 Aug",955000,1031000,2020-08-01,"Positive"
"Afghanistan","2020","07",11000,2656000,"2020 Jul",2645000,2667000,2020-07-01,"Positive"
"Afghanistan","2020","06",72000,1752000,"2020 Jun",1680000,1824000,2020-06-01,"Positive"
"Afghanistan","2020","05",15000,3709000,"2020 May",3694000,3724000,2020-05-01,"Positive"
"Afghanistan","2020","04",16000,1771000,"2020 Apr",1755000,1787000,2020-04-01,"Positive"
"Afghanistan","2020","03",6000,5293000,"2020 Mar",5287000,5299000,2020-03-01,"Positive"
"Afghanistan","2020","02",66000,2199000,"2020 Feb",2133000,2265000,2020-02-01,"Positive"
"Afghanistan","2020","01",7000,3606000,"2020 Jan",3599000,3613000,2020-01-01,"Positive"
"Afghanistan","2019","12",21000,5070000,"2019 Dec",5049000,5091000,2019-12-01,"Positive"
"Afghanistan","2019","11",75000,6804000,"2019 Nov",6729000,6879000,2019-11-01,"Positive"
"Afghanistan","2019","10",738000,4727000,"2019 Oct",3989000,5465000,2019-10-01,"Positive"
"Afghanistan","2019","09",124000,4975000,"2019 Sep",4851000,5099000,2019-09-01,"Positive"
"Afghanistan","2019","08",2000,4090000,"2019 Aug",4088000,4092000,2019-08-01,"Positive"
"Afghanistan","2019","07",17000,2820000,"2019 Jul",2803000,2837000,2019-07-01,"Positive"
"Afghanistan","2019","06",3000,1148000,"2019 Jun",1145000,1151000,2019-06-01,"Positive"
"Afghanistan","2019","05",15000,3509000,"2019 May",3494000,3524000,2019-05-01,"Positive"
"Afghanistan","2019","04",44000,2108000,"2019 Apr",2064000,2152000,2019-04-01,"Positive"
"Afghanistan","2019","03",23000,5866000,"2019 Mar",5843000,5889000,2019-03-01,"Positive"
"Afghanistan","2019","02",20000,1941000,"2019 Feb",1921000,1961000,2019-02-01,"Positive"
"Afghanistan","2019","01",1000,1919000,"2019 Jan",1918000,1920000,2019-01-01,"Positive"
"Afghanistan","2018","12",74000,3671000,"2018 Dec",3597000,3745000,2018-12-01,"Positive"
"Afghanistan","2018","11",11000,4427000,"2018 Nov",4416000,4438000,2018-11-01,"Positive"
"Afghanistan","2018","10",66000,3202000,"2018 Oct",3136000,3268000,2018-10-01,"Positive"
"Afghanistan","2018","09",523000,1326000,"2018 Sep",803000,1849000,2018-09-01,"Positive"
"Afghanistan","2018","08",107000,2013000,"2018 Aug",1906000,2120000,2018-08-01,"Positive"
"Afghanistan","2018","07",150000,1253000,"2018 Jul",1103000,1403000,2018-07-01,"Positive"
"Afghanistan","2018","06",396000,1275000,"2018 Jun",879000,1671000,2018-06-01,"Positive"
"Afghanistan","2018","05",19000,2892000,"2018 May",2873000,2911000,2018-05-01,"Positive"
"Afghanistan","2018","04",26000,1959000,"2018 Apr",1933000,1985000,2018-04-01,"Positive"
"Afghanistan","2018","03",75000,3582000,"2018 Mar",3507000,3657000,2018-03-01,"Positive"
"Afghanistan","2018","02",10000,2432000,"2018 Feb",2422000,2442000,2018-02-01,"Positive"
"Afghanistan","2018","01",855000,2581000,"2018 Jan",1726000,3436000,2018-01-01,"Positive"
"Bangladesh","2022","01",21085000,406984000,"2022 Jan",385899000,428069000,2022-01-01,"Positive"
"Bangladesh","2021","12",22103000,386488000,"2021 Dec",364385000,408591000,2021-12-01,"Positive"
"Bangladesh","2021","11",19117000,446226000,"2021 Nov",427109000,465343000,2021-11-01,"Positive"
"Bangladesh","2021","10",23805000,598866000,"2021 Oct",575061000,622671000,2021-10-01,"Positive"
"Bangladesh","2021","09",20565000,538925000,"2021 Sep",518360000,559490000,2021-09-01,"Positive"
"Bangladesh","2021","08",16958000,357449000,"2021 Aug",340491000,374407000,2021-08-01,"Positive"
"Bangladesh","2021","07",12067000,347409000,"2021 Jul",335342000,359476000,2021-07-01,"Positive"
"Bangladesh","2021","06",12640000,429289000,"2021 Jun",416649000,441929000,2021-06-01,"Positive"
"Bangladesh","2021","05",17516000,356064000,"2021 May",338548000,373580000,2021-05-01,"Positive"
"Bangladesh","2021","04",19130000,295743000,"2021 Apr",276613000,314873000,2021-04-01,"Positive"
"Bangladesh","2021","03",20374000,428361000,"2021 Mar",407987000,448735000,2021-03-01,"Positive"
"Bangladesh","2021","02",15507000,305629000,"2021 Feb",290122000,321136000,2021-02-01,"Positive"
"Bangladesh","2021","01",34207000,375673000,"2021 Jan",341466000,409880000,2021-01-01,"Positive"
"Bangladesh","2020","12",25556000,355909000,"2020 Dec",330353000,381465000,2020-12-01,"Positive"
"Bangladesh","2020","11",14127000,321464000,"2020 Nov",307337000,335591000,2020-11-01,"Positive"
"Bangladesh","2020","10",1e+07,294936000,"2020 Oct",284936000,304936000,2020-10-01,"Positive"
"Bangladesh","2020","09",19293000,312865000,"2020 Sep",293572000,332158000,2020-09-01,"Positive"
"Bangladesh","2020","08",15842000,244705000,"2020 Aug",228863000,260547000,2020-08-01,"Positive"
"Bangladesh","2020","07",23266000,237348000,"2020 Jul",214082000,260614000,2020-07-01,"Positive"
"Bangladesh","2020","06",12128000,206126000,"2020 Jun",193998000,218254000,2020-06-01,"Positive"
"Bangladesh","2020","05",3725000,120441000,"2020 May",116716000,124166000,2020-05-01,"Positive"
"Bangladesh","2020","04",3979000,117469000,"2020 Apr",113490000,121448000,2020-04-01,"Positive"
"Bangladesh","2020","03",27294000,346749000,"2020 Mar",319455000,374043000,2020-03-01,"Positive"
"Bangladesh","2020","02",19551000,350375000,"2020 Feb",330824000,369926000,2020-02-01,"Positive"
"Bangladesh","2020","01",51163000,355011000,"2020 Jan",303848000,406174000,2020-01-01,"Positive"
"Bangladesh","2019","12",24053000,312983000,"2019 Dec",288930000,337036000,2019-12-01,"Positive"
"Bangladesh","2019","11",23386000,275683000,"2019 Nov",252297000,299069000,2019-11-01,"Positive"
"Bangladesh","2019","10",23749000,350373000,"2019 Oct",326624000,374122000,2019-10-01,"Positive"
"Bangladesh","2019","09",25695000,503365000,"2019 Sep",477670000,529060000,2019-09-01,"Positive"
"Bangladesh","2019","08",23147000,334474000,"2019 Aug",311327000,357621000,2019-08-01,"Positive"
"Bangladesh","2019","07",25240000,412273000,"2019 Jul",387033000,437513000,2019-07-01,"Positive"
"Bangladesh","2019","06",24129000,385207000,"2019 Jun",361078000,409336000,2019-06-01,"Positive"
"Bangladesh","2019","05",31718000,379822000,"2019 May",348104000,411540000,2019-05-01,"Positive"
"Bangladesh","2019","04",23562000,317163000,"2019 Apr",293601000,340725000,2019-04-01,"Positive"
"Bangladesh","2019","03",30818000,373742000,"2019 Mar",342924000,404560000,2019-03-01,"Positive"
"Bangladesh","2019","02",26531000,250774000,"2019 Feb",224243000,277305000,2019-02-01,"Positive"
"Bangladesh","2019","01",34522000,270988000,"2019 Jan",236466000,305510000,2019-01-01,"Positive"
"Bangladesh","2018","12",23339000,330142000,"2018 Dec",306803000,353481000,2018-12-01,"Positive"
"Bangladesh","2018","11",31933000,449417000,"2018 Nov",417484000,481350000,2018-11-01,"Positive"
"Bangladesh","2018","10",37237000,459925000,"2018 Oct",422688000,497162000,2018-10-01,"Positive"
"Bangladesh","2018","09",31189000,352457000,"2018 Sep",321268000,383646000,2018-09-01,"Positive"
"Bangladesh","2018","08",45924000,469348000,"2018 Aug",423424000,515272000,2018-08-01,"Positive"
"Bangladesh","2018","07",30103000,436093000,"2018 Jul",405990000,466196000,2018-07-01,"Positive"
"Bangladesh","2018","06",29004000,445534000,"2018 Jun",416530000,474538000,2018-06-01,"Positive"
"Bangladesh","2018","05",28747000,342945000,"2018 May",314198000,371692000,2018-05-01,"Positive"
"Bangladesh","2018","04",23084000,359408000,"2018 Apr",336324000,382492000,2018-04-01,"Positive"
"Bangladesh","2018","03",29625000,373494000,"2018 Mar",343869000,403119000,2018-03-01,"Positive"
"Bangladesh","2018","02",27030000,315230000,"2018 Feb",288200000,342260000,2018-02-01,"Positive"
"Bangladesh","2018","01",25976000,301103000,"2018 Jan",275127000,327079000,2018-01-01,"Positive"
"India","2022","01",851351000,1634106000,"2022 Jan",782755000,2485457000,2022-01-01,"Positive"
"India","2021","12",1065580000,1617485000,"2021 Dec",551905000,2683065000,2021-12-01,"Positive"
"India","2021","11",981053000,1616145000,"2021 Nov",635092000,2597198000,2021-11-01,"Positive"
"India","2021","10",830719000,1541294000,"2021 Oct",710575000,2372013000,2021-10-01,"Positive"
"India","2021","09",598029000,1610231000,"2021 Sep",1012202000,2208260000,2021-09-01,"Positive"
"India","2021","08",825451000,1376658000,"2021 Aug",551207000,2202109000,2021-08-01,"Positive"
"India","2021","07",900935000,1274749000,"2021 Jul",373814000,2175684000,2021-07-01,"Positive"
"India","2021","06",945470000,1116307000,"2021 Jun",170837000,2061777000,2021-06-01,"Positive"
"India","2021","05",716823000,1054895000,"2021 May",338072000,1771718000,2021-05-01,"Positive"
"India","2021","04",880794000,1497639000,"2021 Apr",616845000,2378433000,2021-04-01,"Positive"
"India","2021","03",859448000,1658554000,"2021 Mar",799106000,2518002000,2021-03-01,"Positive"
"India","2021","02",786256000,1296692000,"2021 Feb",510436000,2082948000,2021-02-01,"Positive"
"India","2021","01",493874000,1285348000,"2021 Jan",791474000,1779222000,2021-01-01,"Positive"
"India","2020","12",636451000,1482607000,"2020 Dec",846156000,2119058000,2020-12-01,"Positive"
"India","2020","11",589695000,1230868000,"2020 Nov",641173000,1820563000,2020-11-01,"Positive"
"India","2020","10",603036000,1153001000,"2020 Oct",549965000,1756037000,2020-10-01,"Positive"
"India","2020","09",521757000,1242513000,"2020 Sep",720756000,1764270000,2020-09-01,"Positive"
"India","2020","08",524324000,1094267000,"2020 Aug",569943000,1618591000,2020-08-01,"Positive"
"India","2020","07",737581000,845562000,"2020 Jul",107981000,1583143000,2020-07-01,"Positive"
"India","2020","06",695070000,800876000,"2020 Jun",105806000,1495946000,2020-06-01,"Positive"
"India","2020","05",436296000,573786000,"2020 May",137490000,1010082000,2020-05-01,"Positive"
"India","2020","04",276158000,463499000,"2020 Apr",187341000,739657000,2020-04-01,"Positive"
"India","2020","03",703494000,1056660000,"2020 Mar",353166000,1760154000,2020-03-01,"Positive"
"India","2020","02",601098000,1363734000,"2020 Feb",762636000,1964832000,2020-02-01,"Positive"
"India","2020","01",818894000,1343660000,"2020 Jan",524766000,2162554000,2020-01-01,"Positive"
"India","2019","12",705005000,1320721000,"2019 Dec",615716000,2025726000,2019-12-01,"Positive"
"India","2019","11",552550000,1281217000,"2019 Nov",728667000,1833767000,2019-11-01,"Positive"
"India","2019","10",802475000,1185077000,"2019 Oct",382602000,1987552000,2019-10-01,"Positive"
"India","2019","09",869561000,1200278000,"2019 Sep",330717000,2069839000,2019-09-01,"Positive"
"India","2019","08",959969000,1249674000,"2019 Aug",289705000,2209643000,2019-08-01,"Positive"
"India","2019","07",782744000,1341215000,"2019 Jul",558471000,2123959000,2019-07-01,"Positive"
"India","2019","06",509622000,1356264000,"2019 Jun",846642000,1865886000,2019-06-01,"Positive"
"India","2019","05",938917000,1471410000,"2019 May",532493000,2410327000,2019-05-01,"Positive"
"India","2019","04",672868000,1258655000,"2019 Apr",585787000,1931523000,2019-04-01,"Positive"
"India","2019","03",627348000,1475388000,"2019 Mar",848040000,2102736000,2019-03-01,"Positive"
"India","2019","02",670158000,1090491000,"2019 Feb",420333000,1760649000,2019-02-01,"Positive"
"India","2019","01",594289000,1377808000,"2019 Jan",783519000,1972097000,2019-01-01,"Positive"
"India","2018","12",761881000,1427078000,"2018 Dec",665197000,2188959000,2018-12-01,"Positive"
"India","2018","11",951762000,1212755000,"2018 Nov",260993000,2164517000,2018-11-01,"Positive"
"India","2018","10",1054938000,1500476000,"2018 Oct",445538000,2555414000,2018-10-01,"Positive"
"India","2018","09",821870000,1470534000,"2018 Sep",648664000,2292404000,2018-09-01,"Positive"
"India","2018","08",861467000,1554348000,"2018 Aug",692881000,2415815000,2018-08-01,"Positive"
"India","2018","07",960382000,1497662000,"2018 Jul",537280000,2458044000,2018-07-01,"Positive"
"India","2018","06",719285000,1374741000,"2018 Jun",655456000,2094026000,2018-06-01,"Positive"
"India","2018","05",779409000,1315385000,"2018 May",535976000,2094794000,2018-05-01,"Positive"
"India","2018","04",623055000,1297386000,"2018 Apr",674331000,1920441000,2018-04-01,"Positive"
"India","2018","03",850189000,1417205000,"2018 Mar",567016000,2267394000,2018-03-01,"Positive"
"India","2018","02",642573000,1238819000,"2018 Feb",596246000,1881392000,2018-02-01,"Positive"
"India","2018","01",776770000,1335495000,"2018 Jan",558725000,2112265000,2018-01-01,"Positive"
"Maldives","2022","01",145000,28918000,"2022 Jan",28773000,29063000,2022-01-01,"Positive"
"Maldives","2021","12",113000,32943000,"2021 Dec",32830000,33056000,2021-12-01,"Positive"
"Maldives","2021","11",121000,20744000,"2021 Nov",20623000,20865000,2021-11-01,"Positive"
"Maldives","2021","10",35000,20992000,"2021 Oct",20957000,21027000,2021-10-01,"Positive"
"Maldives","2021","09",32000,20185000,"2021 Sep",20153000,20217000,2021-09-01,"Positive"
"Maldives","2021","08",72000,22772000,"2021 Aug",22700000,22844000,2021-08-01,"Positive"
"Maldives","2021","07",11000,19342000,"2021 Jul",19331000,19353000,2021-07-01,"Positive"
"Maldives","2021","06",26000,22062000,"2021 Jun",22036000,22088000,2021-06-01,"Positive"
"Maldives","2021","05",108000,19203000,"2021 May",19095000,19311000,2021-05-01,"Positive"
"Maldives","2021","04",193000,16575000,"2021 Apr",16382000,16768000,2021-04-01,"Positive"
"Maldives","2021","03",193000,32655000,"2021 Mar",32462000,32848000,2021-03-01,"Positive"
"Maldives","2021","02",69000,15425000,"2021 Feb",15356000,15494000,2021-02-01,"Positive"
"Maldives","2021","01",57000,19611000,"2021 Jan",19554000,19668000,2021-01-01,"Positive"
"Maldives","2020","12",227000,16375000,"2020 Dec",16148000,16602000,2020-12-01,"Positive"
"Maldives","2020","11",24000,16589000,"2020 Nov",16565000,16613000,2020-11-01,"Positive"
"Maldives","2020","10",32000,16530000,"2020 Oct",16498000,16562000,2020-10-01,"Positive"
"Maldives","2020","09",170000,14887000,"2020 Sep",14717000,15057000,2020-09-01,"Positive"
"Maldives","2020","08",20000,12826000,"2020 Aug",12806000,12846000,2020-08-01,"Positive"
"Maldives","2020","07",5000,16892000,"2020 Jul",16887000,16897000,2020-07-01,"Positive"
"Maldives","2020","06",1000,13345000,"2020 Jun",13344000,13346000,2020-06-01,"Positive"
"Maldives","2020","05",0,9139000,"2020 May",9139000,9139000,2020-05-01,"Positive"
"Maldives","2020","04",0,12440000,"2020 Apr",12440000,12440000,2020-04-01,"Positive"
"Maldives","2020","03",28000,22755000,"2020 Mar",22727000,22783000,2020-03-01,"Positive"
"Maldives","2020","02",109000,30099000,"2020 Feb",29990000,30208000,2020-02-01,"Positive"
"Maldives","2020","01",89000,43551000,"2020 Jan",43462000,43640000,2020-01-01,"Positive"
"Maldives","2019","12",104000,36961000,"2019 Dec",36857000,37065000,2019-12-01,"Positive"
"Maldives","2019","11",53000,24296000,"2019 Nov",24243000,24349000,2019-11-01,"Positive"
"Maldives","2019","10",73000,53295000,"2019 Oct",53222000,53368000,2019-10-01,"Positive"
"Maldives","2019","09",49000,28484000,"2019 Sep",28435000,28533000,2019-09-01,"Positive"
"Maldives","2019","08",111000,34151000,"2019 Aug",34040000,34262000,2019-08-01,"Positive"
"Maldives","2019","07",80000,27444000,"2019 Jul",27364000,27524000,2019-07-01,"Positive"
"Maldives","2019","06",27000,35599000,"2019 Jun",35572000,35626000,2019-06-01,"Positive"
"Maldives","2019","05",62000,42321000,"2019 May",42259000,42383000,2019-05-01,"Positive"
"Maldives","2019","04",181000,38784000,"2019 Apr",38603000,38965000,2019-04-01,"Positive"
"Maldives","2019","03",78000,38458000,"2019 Mar",38380000,38536000,2019-03-01,"Positive"
"Maldives","2019","02",54000,20863000,"2019 Feb",20809000,20917000,2019-02-01,"Positive"
"Maldives","2019","01",124000,35166000,"2019 Jan",35042000,35290000,2019-01-01,"Positive"
"Maldives","2018","12",31000,43467000,"2018 Dec",43436000,43498000,2018-12-01,"Positive"
"Maldives","2018","11",31000,26599000,"2018 Nov",26568000,26630000,2018-11-01,"Positive"
"Maldives","2018","10",30000,33465000,"2018 Oct",33435000,33495000,2018-10-01,"Positive"
"Maldives","2018","09",117000,24305000,"2018 Sep",24188000,24422000,2018-09-01,"Positive"
"Maldives","2018","08",121000,29331000,"2018 Aug",29210000,29452000,2018-08-01,"Positive"
"Maldives","2018","07",1147000,32495000,"2018 Jul",31348000,33642000,2018-07-01,"Positive"
"Maldives","2018","06",12000,22618000,"2018 Jun",22606000,22630000,2018-06-01,"Positive"
"Maldives","2018","05",126000,28186000,"2018 May",28060000,28312000,2018-05-01,"Positive"
"Maldives","2018","04",33000,29705000,"2018 Apr",29672000,29738000,2018-04-01,"Positive"
"Maldives","2018","03",52000,27831000,"2018 Mar",27779000,27883000,2018-03-01,"Positive"
"Maldives","2018","02",240000,30275000,"2018 Feb",30035000,30515000,2018-02-01,"Positive"
"Maldives","2018","01",57000,29946000,"2018 Jan",29889000,30003000,2018-01-01,"Positive"
"Nepal","2022","01",868000,27277000,"2022 Jan",26409000,28145000,2022-01-01,"Positive"
"Nepal","2021","12",177000,22264000,"2021 Dec",22087000,22441000,2021-12-01,"Positive"
"Nepal","2021","11",158000,23842000,"2021 Nov",23684000,2.4e+07,2021-11-01,"Positive"
"Nepal","2021","10",117000,15821000,"2021 Oct",15704000,15938000,2021-10-01,"Positive"
"Nepal","2021","09",179000,18916000,"2021 Sep",18737000,19095000,2021-09-01,"Positive"
"Nepal","2021","08",256000,30275000,"2021 Aug",30019000,30531000,2021-08-01,"Positive"
"Nepal","2021","07",131000,17649000,"2021 Jul",17518000,17780000,2021-07-01,"Positive"
"Nepal","2021","06",55000,11612000,"2021 Jun",11557000,11667000,2021-06-01,"Positive"
"Nepal","2021","05",72000,10621000,"2021 May",10549000,10693000,2021-05-01,"Positive"
"Nepal","2021","04",108000,25788000,"2021 Apr",25680000,25896000,2021-04-01,"Positive"
"Nepal","2021","03",249000,20350000,"2021 Mar",20101000,20599000,2021-03-01,"Positive"
"Nepal","2021","02",76000,16796000,"2021 Feb",16720000,16872000,2021-02-01,"Positive"
"Nepal","2021","01",75000,19654000,"2021 Jan",19579000,19729000,2021-01-01,"Positive"
"Nepal","2020","12",1298000,18460000,"2020 Dec",17162000,19758000,2020-12-01,"Positive"
"Nepal","2020","11",106000,14704000,"2020 Nov",14598000,14810000,2020-11-01,"Positive"
"Nepal","2020","10",113000,12596000,"2020 Oct",12483000,12709000,2020-10-01,"Positive"
"Nepal","2020","09",993000,12353000,"2020 Sep",11360000,13346000,2020-09-01,"Positive"
"Nepal","2020","08",916000,12337000,"2020 Aug",11421000,13253000,2020-08-01,"Positive"
"Nepal","2020","07",1245000,19247000,"2020 Jul",18002000,20492000,2020-07-01,"Positive"
"Nepal","2020","06",39000,7341000,"2020 Jun",7302000,7380000,2020-06-01,"Positive"
"Nepal","2020","05",5000,3273000,"2020 May",3268000,3278000,2020-05-01,"Positive"
"Nepal","2020","04",70000,1619000,"2020 Apr",1549000,1689000,2020-04-01,"Positive"
"Nepal","2020","03",347000,13956000,"2020 Mar",13609000,14303000,2020-03-01,"Positive"
"Nepal","2020","02",271000,26784000,"2020 Feb",26513000,27055000,2020-02-01,"Positive"
"Nepal","2020","01",1957000,24515000,"2020 Jan",22558000,26472000,2020-01-01,"Positive"
"Nepal","2019","12",427000,19035000,"2019 Dec",18608000,19462000,2019-12-01,"Positive"
"Nepal","2019","11",282000,14751000,"2019 Nov",14469000,15033000,2019-11-01,"Positive"
"Nepal","2019","10",454000,14932000,"2019 Oct",14478000,15386000,2019-10-01,"Positive"
"Nepal","2019","09",963000,16727000,"2019 Sep",15764000,17690000,2019-09-01,"Positive"
"Nepal","2019","08",212000,16754000,"2019 Aug",16542000,16966000,2019-08-01,"Positive"
"Nepal","2019","07",290000,18888000,"2019 Jul",18598000,19178000,2019-07-01,"Positive"
"Nepal","2019","06",125000,23210000,"2019 Jun",23085000,23335000,2019-06-01,"Positive"
"Nepal","2019","05",156000,14556000,"2019 May",14400000,14712000,2019-05-01,"Positive"
"Nepal","2019","04",1472000,16310000,"2019 Apr",14838000,17782000,2019-04-01,"Positive"
"Nepal","2019","03",134000,14168000,"2019 Mar",14034000,14302000,2019-03-01,"Positive"
"Nepal","2019","02",94000,9944000,"2019 Feb",9850000,10038000,2019-02-01,"Positive"
"Nepal","2019","01",234000,12901000,"2019 Jan",12667000,13135000,2019-01-01,"Positive"
"Nepal","2018","12",226000,11038000,"2018 Dec",10812000,11264000,2018-12-01,"Positive"
"Nepal","2018","11",173000,11389000,"2018 Nov",11216000,11562000,2018-11-01,"Positive"
"Nepal","2018","10",349000,12980000,"2018 Oct",12631000,13329000,2018-10-01,"Positive"
"Nepal","2018","09",112000,13555000,"2018 Sep",13443000,13667000,2018-09-01,"Positive"
"Nepal","2018","08",638000,11008000,"2018 Aug",10370000,11646000,2018-08-01,"Positive"
"Nepal","2018","07",681000,18024000,"2018 Jul",17343000,18705000,2018-07-01,"Positive"
"Nepal","2018","06",306000,11005000,"2018 Jun",10699000,11311000,2018-06-01,"Positive"
"Nepal","2018","05",207000,12524000,"2018 May",12317000,12731000,2018-05-01,"Positive"
"Nepal","2018","04",337000,8134000,"2018 Apr",7797000,8471000,2018-04-01,"Positive"
"Nepal","2018","03",139000,18363000,"2018 Mar",18224000,18502000,2018-03-01,"Positive"
"Nepal","2018","02",450000,7985000,"2018 Feb",7535000,8435000,2018-02-01,"Positive"
"Nepal","2018","01",212000,10476000,"2018 Jan",10264000,10688000,2018-01-01,"Positive"
"Pakistan","2022","01",6207000,109204000,"2022 Jan",102997000,115411000,2022-01-01,"Positive"
"Pakistan","2021","12",8281000,113172000,"2021 Dec",104891000,121453000,2021-12-01,"Positive"
"Pakistan","2021","11",11999000,134061000,"2021 Nov",122062000,146060000,2021-11-01,"Positive"
"Pakistan","2021","10",6406000,347067000,"2021 Oct",340661000,353473000,2021-10-01,"Positive"
"Pakistan","2021","09",10234000,144473000,"2021 Sep",134239000,154707000,2021-09-01,"Positive"
"Pakistan","2021","08",6735000,188100000,"2021 Aug",181365000,194835000,2021-08-01,"Positive"
"Pakistan","2021","07",8455000,134201000,"2021 Jul",125746000,142656000,2021-07-01,"Positive"
"Pakistan","2021","06",7214000,112620000,"2021 Jun",105406000,119834000,2021-06-01,"Positive"
"Pakistan","2021","05",6279000,132392000,"2021 May",126113000,138671000,2021-05-01,"Positive"
"Pakistan","2021","04",5213000,142533000,"2021 Apr",137320000,147746000,2021-04-01,"Positive"
"Pakistan","2021","03",8097000,94380000,"2021 Mar",86283000,102477000,2021-03-01,"Positive"
"Pakistan","2021","02",10003000,80077000,"2021 Feb",70074000,90080000,2021-02-01,"Positive"
"Pakistan","2021","01",6549000,114767000,"2021 Jan",108218000,121316000,2021-01-01,"Positive"
"Pakistan","2020","12",8647000,85678000,"2020 Dec",77031000,94325000,2020-12-01,"Positive"
"Pakistan","2020","11",4441000,97269000,"2020 Nov",92828000,101710000,2020-11-01,"Positive"
"Pakistan","2020","10",30589000,81263000,"2020 Oct",50674000,111852000,2020-10-01,"Positive"
"Pakistan","2020","09",5323000,66813000,"2020 Sep",61490000,72136000,2020-09-01,"Positive"
"Pakistan","2020","08",15132000,133325000,"2020 Aug",118193000,148457000,2020-08-01,"Positive"
"Pakistan","2020","07",5407000,73067000,"2020 Jul",67660000,78474000,2020-07-01,"Positive"
"Pakistan","2020","06",3077000,72764000,"2020 Jun",69687000,75841000,2020-06-01,"Positive"
"Pakistan","2020","05",3489000,58553000,"2020 May",55064000,62042000,2020-05-01,"Positive"
"Pakistan","2020","04",4851000,47275000,"2020 Apr",42424000,52126000,2020-04-01,"Positive"
"Pakistan","2020","03",7095000,73769000,"2020 Mar",66674000,80864000,2020-03-01,"Positive"
"Pakistan","2020","02",7837000,171549000,"2020 Feb",163712000,179386000,2020-02-01,"Positive"
"Pakistan","2020","01",7491000,175338000,"2020 Jan",167847000,182829000,2020-01-01,"Positive"
"Pakistan","2019","12",9546000,98297000,"2019 Dec",88751000,107843000,2019-12-01,"Positive"
"Pakistan","2019","11",8610000,76267000,"2019 Nov",67657000,84877000,2019-11-01,"Positive"
"Pakistan","2019","10",9508000,88448000,"2019 Oct",78940000,97956000,2019-10-01,"Positive"
"Pakistan","2019","09",6877000,105631000,"2019 Sep",98754000,112508000,2019-09-01,"Positive"
"Pakistan","2019","08",11755000,92767000,"2019 Aug",81012000,104522000,2019-08-01,"Positive"
"Pakistan","2019","07",12205000,161736000,"2019 Jul",149531000,173941000,2019-07-01,"Positive"
"Pakistan","2019","06",6889000,79149000,"2019 Jun",72260000,86038000,2019-06-01,"Positive"
"Pakistan","2019","05",7980000,84277000,"2019 May",76297000,92257000,2019-05-01,"Positive"
"Pakistan","2019","04",8576000,89283000,"2019 Apr",80707000,97859000,2019-04-01,"Positive"
"Pakistan","2019","03",9366000,129163000,"2019 Mar",119797000,138529000,2019-03-01,"Positive"
"Pakistan","2019","02",9016000,113316000,"2019 Feb",104300000,122332000,2019-02-01,"Positive"
"Pakistan","2019","01",8905000,185968000,"2019 Jan",177063000,194873000,2019-01-01,"Positive"
"Pakistan","2018","12",9414000,92769000,"2018 Dec",83355000,102183000,2018-12-01,"Positive"
"Pakistan","2018","11",7067000,102187000,"2018 Nov",95120000,109254000,2018-11-01,"Positive"
"Pakistan","2018","10",6465000,139461000,"2018 Oct",132996000,145926000,2018-10-01,"Positive"
"Pakistan","2018","09",7e+06,125431000,"2018 Sep",118431000,132431000,2018-09-01,"Positive"
"Pakistan","2018","08",7760000,76534000,"2018 Aug",68774000,84294000,2018-08-01,"Positive"
"Pakistan","2018","07",6499000,89393000,"2018 Jul",82894000,95892000,2018-07-01,"Positive"
"Pakistan","2018","06",8565000,81419000,"2018 Jun",72854000,89984000,2018-06-01,"Positive"
"Pakistan","2018","05",6490000,140525000,"2018 May",134035000,147015000,2018-05-01,"Positive"
"Pakistan","2018","04",5914000,89850000,"2018 Apr",83936000,95764000,2018-04-01,"Positive"
"Pakistan","2018","03",5429000,107416000,"2018 Mar",101987000,112845000,2018-03-01,"Positive"
"Pakistan","2018","02",7699000,128677000,"2018 Feb",120978000,136376000,2018-02-01,"Positive"
"Pakistan","2018","01",8589000,108142000,"2018 Jan",99553000,116731000,2018-01-01,"Positive"
"Sri Lanka","2022","01",10925000,156542000,"2022 Jan",145617000,167467000,2022-01-01,"Positive"
"Sri Lanka","2021","12",11878000,152800000,"2021 Dec",140922000,164678000,2021-12-01,"Positive"
"Sri Lanka","2021","11",11604000,193618000,"2021 Nov",182014000,205222000,2021-11-01,"Positive"
"Sri Lanka","2021","10",10088000,194731000,"2021 Oct",184643000,204819000,2021-10-01,"Positive"
"Sri Lanka","2021","09",9654000,157467000,"2021 Sep",147813000,167121000,2021-09-01,"Positive"
"Sri Lanka","2021","08",9726000,161009000,"2021 Aug",151283000,170735000,2021-08-01,"Positive"
"Sri Lanka","2021","07",8714000,77275000,"2021 Jul",68561000,85989000,2021-07-01,"Positive"
"Sri Lanka","2021","06",9428000,82255000,"2021 Jun",72827000,91683000,2021-06-01,"Positive"
"Sri Lanka","2021","05",5896000,93560000,"2021 May",87664000,99456000,2021-05-01,"Positive"
"Sri Lanka","2021","04",7863000,197683000,"2021 Apr",189820000,205546000,2021-04-01,"Positive"
"Sri Lanka","2021","03",32912000,105115000,"2021 Mar",72203000,138027000,2021-03-01,"Positive"
"Sri Lanka","2021","02",14725000,85550000,"2021 Feb",70825000,100275000,2021-02-01,"Positive"
"Sri Lanka","2021","01",15355000,72761000,"2021 Jan",57406000,88116000,2021-01-01,"Positive"
"Sri Lanka","2020","12",23637000,80989000,"2020 Dec",57352000,104626000,2020-12-01,"Positive"
"Sri Lanka","2020","11",6557000,141900000,"2020 Nov",135343000,148457000,2020-11-01,"Positive"
"Sri Lanka","2020","10",8767000,117123000,"2020 Oct",108356000,125890000,2020-10-01,"Positive"
"Sri Lanka","2020","09",12610000,140705000,"2020 Sep",128095000,153315000,2020-09-01,"Positive"
"Sri Lanka","2020","08",8154000,120872000,"2020 Aug",112718000,129026000,2020-08-01,"Positive"
"Sri Lanka","2020","07",16097000,150201000,"2020 Jul",134104000,166298000,2020-07-01,"Positive"
"Sri Lanka","2020","06",5687000,115818000,"2020 Jun",110131000,121505000,2020-06-01,"Positive"
"Sri Lanka","2020","05",9588000,40574000,"2020 May",30986000,50162000,2020-05-01,"Positive"
"Sri Lanka","2020","04",8402000,45174000,"2020 Apr",36772000,53576000,2020-04-01,"Positive"
"Sri Lanka","2020","03",6493000,128041000,"2020 Mar",121548000,134534000,2020-03-01,"Positive"
"Sri Lanka","2020","02",9415000,135836000,"2020 Feb",126421000,145251000,2020-02-01,"Positive"
"Sri Lanka","2020","01",8913000,121200000,"2020 Jan",112287000,130113000,2020-01-01,"Positive"
"Sri Lanka","2019","12",25108000,100984000,"2019 Dec",75876000,126092000,2019-12-01,"Positive"
"Sri Lanka","2019","11",8970000,105578000,"2019 Nov",96608000,114548000,2019-11-01,"Positive"
"Sri Lanka","2019","10",8197000,104661000,"2019 Oct",96464000,112858000,2019-10-01,"Positive"
"Sri Lanka","2019","09",7920000,106600000,"2019 Sep",98680000,114520000,2019-09-01,"Positive"
"Sri Lanka","2019","08",9137000,75956000,"2019 Aug",66819000,85093000,2019-08-01,"Positive"
"Sri Lanka","2019","07",7850000,81528000,"2019 Jul",73678000,89378000,2019-07-01,"Positive"
"Sri Lanka","2019","06",8352000,113598000,"2019 Jun",105246000,121950000,2019-06-01,"Positive"
"Sri Lanka","2019","05",8288000,198352000,"2019 May",190064000,206640000,2019-05-01,"Positive"
"Sri Lanka","2019","04",9491000,235671000,"2019 Apr",226180000,245162000,2019-04-01,"Positive"
"Sri Lanka","2019","03",9740000,146737000,"2019 Mar",136997000,156477000,2019-03-01,"Positive"
"Sri Lanka","2019","02",8272000,158616000,"2019 Feb",150344000,166888000,2019-02-01,"Positive"
"Sri Lanka","2019","01",10061000,210271000,"2019 Jan",200210000,220332000,2019-01-01,"Positive"
"Sri Lanka","2018","12",9717000,152974000,"2018 Dec",143257000,162691000,2018-12-01,"Positive"
"Sri Lanka","2018","11",8885000,287772000,"2018 Nov",278887000,296657000,2018-11-01,"Positive"
"Sri Lanka","2018","10",11462000,222516000,"2018 Oct",211054000,233978000,2018-10-01,"Positive"
"Sri Lanka","2018","09",9780000,126781000,"2018 Sep",117001000,136561000,2018-09-01,"Positive"
"Sri Lanka","2018","08",11515000,155181000,"2018 Aug",143666000,166696000,2018-08-01,"Positive"
"Sri Lanka","2018","07",12753000,174023000,"2018 Jul",161270000,186776000,2018-07-01,"Positive"
"Sri Lanka","2018","06",8203000,180039000,"2018 Jun",171836000,188242000,2018-06-01,"Positive"
"Sri Lanka","2018","05",8308000,220732000,"2018 May",212424000,229040000,2018-05-01,"Positive"
"Sri Lanka","2018","04",13441000,220625000,"2018 Apr",207184000,234066000,2018-04-01,"Positive"
"Sri Lanka","2018","03",11433000,210778000,"2018 Mar",199345000,222211000,2018-03-01,"Positive"
"Sri Lanka","2018","02",8760000,222562000,"2018 Feb",213802000,231322000,2018-02-01,"Positive"
"Sri Lanka","2018","01",13336000,228976000,"2018 Jan",215640000,242312000,2018-01-01,"Positive"
"Bahrain","2022","01",4480000,29439000,"2022 Jan",24959000,33919000,2022-01-01,"Positive"
"Bahrain","2021","12",467000,44255000,"2021 Dec",43788000,44722000,2021-12-01,"Positive"
"Bahrain","2021","11",106807000,6233000,"2021 Nov",-100574000,113040000,2021-11-01,"Negative"
"Bahrain","2021","10",7539000,9780000,"2021 Oct",2241000,17319000,2021-10-01,"Positive"
"Bahrain","2021","09",6177000,7811000,"2021 Sep",1634000,13988000,2021-09-01,"Positive"
"Bahrain","2021","08",1997000,78137000,"2021 Aug",76140000,80134000,2021-08-01,"Positive"
"Bahrain","2021","07",1358000,14613000,"2021 Jul",13255000,15971000,2021-07-01,"Positive"
"Bahrain","2021","06",2994000,15366000,"2021 Jun",12372000,18360000,2021-06-01,"Positive"
"Bahrain","2021","05",1288000,4758000,"2021 May",3470000,6046000,2021-05-01,"Positive"
"Bahrain","2021","04",48667000,7632000,"2021 Apr",-41035000,56299000,2021-04-01,"Negative"
"Bahrain","2021","03",44708000,10704000,"2021 Mar",-34004000,55412000,2021-03-01,"Negative"
"Bahrain","2021","02",1495000,7928000,"2021 Feb",6433000,9423000,2021-02-01,"Positive"
"Bahrain","2021","01",98458000,5873000,"2021 Jan",-92585000,104331000,2021-01-01,"Negative"
"Bahrain","2020","12",1371000,6783000,"2020 Dec",5412000,8154000,2020-12-01,"Positive"
"Bahrain","2020","11",13810000,9353000,"2020 Nov",-4457000,23163000,2020-11-01,"Negative"
"Bahrain","2020","10",702000,6255000,"2020 Oct",5553000,6957000,2020-10-01,"Positive"
"Bahrain","2020","09",28445000,5994000,"2020 Sep",-22451000,34439000,2020-09-01,"Negative"
"Bahrain","2020","08",51275000,5882000,"2020 Aug",-45393000,57157000,2020-08-01,"Negative"
"Bahrain","2020","07",71381000,5658000,"2020 Jul",-65723000,77039000,2020-07-01,"Negative"
"Bahrain","2020","06",41364000,6077000,"2020 Jun",-35287000,47441000,2020-06-01,"Negative"
"Bahrain","2020","05",12630000,7540000,"2020 May",-5090000,20170000,2020-05-01,"Negative"
"Bahrain","2020","04",26190000,9007000,"2020 Apr",-17183000,35197000,2020-04-01,"Negative"
"Bahrain","2020","03",2924000,20071000,"2020 Mar",17147000,22995000,2020-03-01,"Positive"
"Bahrain","2020","02",1087000,27903000,"2020 Feb",26816000,28990000,2020-02-01,"Positive"
"Bahrain","2020","01",654000,9776000,"2020 Jan",9122000,10430000,2020-01-01,"Positive"
"Bahrain","2019","12",32835000,8636000,"2019 Dec",-24199000,41471000,2019-12-01,"Negative"
"Bahrain","2019","11",36875000,37357000,"2019 Nov",482000,74232000,2019-11-01,"Positive"
"Bahrain","2019","10",842000,49707000,"2019 Oct",48865000,50549000,2019-10-01,"Positive"
"Bahrain","2019","09",41832000,11481000,"2019 Sep",-30351000,53313000,2019-09-01,"Negative"
"Bahrain","2019","08",39258000,9464000,"2019 Aug",-29794000,48722000,2019-08-01,"Negative"
"Bahrain","2019","07",2256000,16450000,"2019 Jul",14194000,18706000,2019-07-01,"Positive"
"Bahrain","2019","06",40881000,10731000,"2019 Jun",-30150000,51612000,2019-06-01,"Negative"
"Bahrain","2019","05",1723000,16839000,"2019 May",15116000,18562000,2019-05-01,"Positive"
"Bahrain","2019","04",12029000,33945000,"2019 Apr",21916000,45974000,2019-04-01,"Positive"
"Bahrain","2019","03",59696000,17376000,"2019 Mar",-42320000,77072000,2019-03-01,"Negative"
"Bahrain","2019","02",54351000,14028000,"2019 Feb",-40323000,68379000,2019-02-01,"Negative"
"Bahrain","2019","01",66389000,12986000,"2019 Jan",-53403000,79375000,2019-01-01,"Negative"
"Bahrain","2018","12",46958000,9744000,"2018 Dec",-37214000,56702000,2018-12-01,"Negative"
"Bahrain","2018","11",937000,12314000,"2018 Nov",11377000,13251000,2018-11-01,"Positive"
"Bahrain","2018","10",33304000,15053000,"2018 Oct",-18251000,48357000,2018-10-01,"Negative"
"Bahrain","2018","09",1723000,13640000,"2018 Sep",11917000,15363000,2018-09-01,"Positive"
"Bahrain","2018","08",54832000,38586000,"2018 Aug",-16246000,93418000,2018-08-01,"Negative"
"Bahrain","2018","07",1363000,13697000,"2018 Jul",12334000,15060000,2018-07-01,"Positive"
"Bahrain","2018","06",1384000,11617000,"2018 Jun",10233000,13001000,2018-06-01,"Positive"
"Bahrain","2018","05",3054000,12863000,"2018 May",9809000,15917000,2018-05-01,"Positive"
"Bahrain","2018","04",3939000,21023000,"2018 Apr",17084000,24962000,2018-04-01,"Positive"
"Bahrain","2018","03",2471000,10727000,"2018 Mar",8256000,13198000,2018-03-01,"Positive"
"Bahrain","2018","02",1819000,7130000,"2018 Feb",5311000,8949000,2018-02-01,"Positive"
"Bahrain","2018","01",16055000,9061000,"2018 Jan",-6994000,25116000,2018-01-01,"Negative"
"Cyprus","2022","01",3387000,34039000,"2022 Jan",30652000,37426000,2022-01-01,"Positive"
"Cyprus","2021","12",1807000,55594000,"2021 Dec",53787000,57401000,2021-12-01,"Positive"
"Cyprus","2021","11",3001000,61713000,"2021 Nov",58712000,64714000,2021-11-01,"Positive"
"Cyprus","2021","10",4095000,55910000,"2021 Oct",51815000,60005000,2021-10-01,"Positive"
"Cyprus","2021","09",1474000,46083000,"2021 Sep",44609000,47557000,2021-09-01,"Positive"
"Cyprus","2021","08",2602000,54483000,"2021 Aug",51881000,57085000,2021-08-01,"Positive"
"Cyprus","2021","07",1800000,45808000,"2021 Jul",44008000,47608000,2021-07-01,"Positive"
"Cyprus","2021","06",1872000,49151000,"2021 Jun",47279000,51023000,2021-06-01,"Positive"
"Cyprus","2021","05",1546000,46188000,"2021 May",44642000,47734000,2021-05-01,"Positive"
"Cyprus","2021","04",1559000,51901000,"2021 Apr",50342000,53460000,2021-04-01,"Positive"
"Cyprus","2021","03",1273000,39983000,"2021 Mar",38710000,41256000,2021-03-01,"Positive"
"Cyprus","2021","02",1414000,44782000,"2021 Feb",43368000,46196000,2021-02-01,"Positive"
"Cyprus","2021","01",1342000,44062000,"2021 Jan",42720000,45404000,2021-01-01,"Positive"
"Cyprus","2020","12",1143000,38907000,"2020 Dec",37764000,40050000,2020-12-01,"Positive"
"Cyprus","2020","11",1292000,35983000,"2020 Nov",34691000,37275000,2020-11-01,"Positive"
"Cyprus","2020","10",1757000,38810000,"2020 Oct",37053000,40567000,2020-10-01,"Positive"
"Cyprus","2020","09",1611000,39090000,"2020 Sep",37479000,40701000,2020-09-01,"Positive"
"Cyprus","2020","08",1140000,41801000,"2020 Aug",40661000,42941000,2020-08-01,"Positive"
"Cyprus","2020","07",1225000,46588000,"2020 Jul",45363000,47813000,2020-07-01,"Positive"
"Cyprus","2020","06",2825000,34166000,"2020 Jun",31341000,36991000,2020-06-01,"Positive"
"Cyprus","2020","05",3772000,30208000,"2020 May",26436000,33980000,2020-05-01,"Positive"
"Cyprus","2020","04",1092000,36201000,"2020 Apr",35109000,37293000,2020-04-01,"Positive"
"Cyprus","2020","03",766000,47855000,"2020 Mar",47089000,48621000,2020-03-01,"Positive"
"Cyprus","2020","02",1217000,70001000,"2020 Feb",68784000,71218000,2020-02-01,"Positive"
"Cyprus","2020","01",1040000,79656000,"2020 Jan",78616000,80696000,2020-01-01,"Positive"
"Cyprus","2019","12",1191000,21506000,"2019 Dec",20315000,22697000,2019-12-01,"Positive"
"Cyprus","2019","11",1434000,33950000,"2019 Nov",32516000,35384000,2019-11-01,"Positive"
"Cyprus","2019","10",831000,49486000,"2019 Oct",48655000,50317000,2019-10-01,"Positive"
"Cyprus","2019","09",669000,50244000,"2019 Sep",49575000,50913000,2019-09-01,"Positive"
"Cyprus","2019","08",1278000,43445000,"2019 Aug",42167000,44723000,2019-08-01,"Positive"
"Cyprus","2019","07",1741000,49255000,"2019 Jul",47514000,50996000,2019-07-01,"Positive"
"Cyprus","2019","06",1064000,54969000,"2019 Jun",53905000,56033000,2019-06-01,"Positive"
"Cyprus","2019","05",522000,56539000,"2019 May",56017000,57061000,2019-05-01,"Positive"
"Cyprus","2019","04",18191000,57420000,"2019 Apr",39229000,75611000,2019-04-01,"Positive"
"Cyprus","2019","03",1101000,38629000,"2019 Mar",37528000,39730000,2019-03-01,"Positive"
"Cyprus","2019","02",17726000,55313000,"2019 Feb",37587000,73039000,2019-02-01,"Positive"
"Cyprus","2019","01",1465000,38793000,"2019 Jan",37328000,40258000,2019-01-01,"Positive"
"Cyprus","2018","12",20594000,48360000,"2018 Dec",27766000,68954000,2018-12-01,"Positive"
"Cyprus","2018","11",1209000,67744000,"2018 Nov",66535000,68953000,2018-11-01,"Positive"
"Cyprus","2018","10",1064000,52745000,"2018 Oct",51681000,53809000,2018-10-01,"Positive"
"Cyprus","2018","09",10229000,62259000,"2018 Sep",52030000,72488000,2018-09-01,"Positive"
"Cyprus","2018","08",12063000,51327000,"2018 Aug",39264000,63390000,2018-08-01,"Positive"
"Cyprus","2018","07",2120000,39170000,"2018 Jul",37050000,41290000,2018-07-01,"Positive"
"Cyprus","2018","06",1523000,61807000,"2018 Jun",60284000,63330000,2018-06-01,"Positive"
"Cyprus","2018","05",1539000,53786000,"2018 May",52247000,55325000,2018-05-01,"Positive"
"Cyprus","2018","04",1492000,43387000,"2018 Apr",41895000,44879000,2018-04-01,"Positive"
"Cyprus","2018","03",1206000,41704000,"2018 Mar",40498000,42910000,2018-03-01,"Positive"
"Cyprus","2018","02",1168000,48349000,"2018 Feb",47181000,49517000,2018-02-01,"Positive"
"Cyprus","2018","01",1936000,48945000,"2018 Jan",47009000,50881000,2018-01-01,"Positive"
"Iran","2022","01",754000,1140000,"2022 Jan",386000,1894000,2022-01-01,"Positive"
"Iran","2021","12",1454000,2457000,"2021 Dec",1003000,3911000,2021-12-01,"Positive"
"Iran","2021","11",1131000,1424000,"2021 Nov",293000,2555000,2021-11-01,"Positive"
"Iran","2021","10",320000,1433000,"2021 Oct",1113000,1753000,2021-10-01,"Positive"
"Iran","2021","09",886000,1891000,"2021 Sep",1005000,2777000,2021-09-01,"Positive"
"Iran","2021","08",297000,1608000,"2021 Aug",1311000,1905000,2021-08-01,"Positive"
"Iran","2021","07",575000,1778000,"2021 Jul",1203000,2353000,2021-07-01,"Positive"
"Iran","2021","06",863000,2328000,"2021 Jun",1465000,3191000,2021-06-01,"Positive"
"Iran","2021","05",389000,1728000,"2021 May",1339000,2117000,2021-05-01,"Positive"
"Iran","2021","04",345000,581000,"2021 Apr",236000,926000,2021-04-01,"Positive"
"Iran","2021","03",426000,510000,"2021 Mar",84000,936000,2021-03-01,"Positive"
"Iran","2021","02",533000,1679000,"2021 Feb",1146000,2212000,2021-02-01,"Positive"
"Iran","2021","01",727000,301000,"2021 Jan",-426000,1028000,2021-01-01,"Negative"
"Iran","2020","12",960000,1190000,"2020 Dec",230000,2150000,2020-12-01,"Positive"
"Iran","2020","11",238000,1709000,"2020 Nov",1471000,1947000,2020-11-01,"Positive"
"Iran","2020","10",473000,2557000,"2020 Oct",2084000,3030000,2020-10-01,"Positive"
"Iran","2020","09",225000,4118000,"2020 Sep",3893000,4343000,2020-09-01,"Positive"
"Iran","2020","08",276000,2460000,"2020 Aug",2184000,2736000,2020-08-01,"Positive"
"Iran","2020","07",513000,4513000,"2020 Jul",4e+06,5026000,2020-07-01,"Positive"
"Iran","2020","06",655000,4725000,"2020 Jun",4070000,5380000,2020-06-01,"Positive"
"Iran","2020","05",293000,5804000,"2020 May",5511000,6097000,2020-05-01,"Positive"
"Iran","2020","04",1324000,915000,"2020 Apr",-409000,2239000,2020-04-01,"Negative"
"Iran","2020","03",832000,3127000,"2020 Mar",2295000,3959000,2020-03-01,"Positive"
"Iran","2020","02",714000,546000,"2020 Feb",-168000,1260000,2020-02-01,"Negative"
"Iran","2020","01",335000,2391000,"2020 Jan",2056000,2726000,2020-01-01,"Positive"
"Iran","2019","12",830000,1802000,"2019 Dec",972000,2632000,2019-12-01,"Positive"
"Iran","2019","11",357000,2267000,"2019 Nov",1910000,2624000,2019-11-01,"Positive"
"Iran","2019","10",238000,2534000,"2019 Oct",2296000,2772000,2019-10-01,"Positive"
"Iran","2019","09",119000,3845000,"2019 Sep",3726000,3964000,2019-09-01,"Positive"
"Iran","2019","08",424000,3758000,"2019 Aug",3334000,4182000,2019-08-01,"Positive"
"Iran","2019","07",120000,3319000,"2019 Jul",3199000,3439000,2019-07-01,"Positive"
"Iran","2019","06",501000,2089000,"2019 Jun",1588000,2590000,2019-06-01,"Positive"
"Iran","2019","05",446000,4987000,"2019 May",4541000,5433000,2019-05-01,"Positive"
"Iran","2019","04",498000,3616000,"2019 Apr",3118000,4114000,2019-04-01,"Positive"
"Iran","2019","03",6e+05,1484000,"2019 Mar",884000,2084000,2019-03-01,"Positive"
"Iran","2019","02",377000,2843000,"2019 Feb",2466000,3220000,2019-02-01,"Positive"
"Iran","2019","01",882000,5113000,"2019 Jan",4231000,5995000,2019-01-01,"Positive"
"Iran","2018","12",869000,4325000,"2018 Dec",3456000,5194000,2018-12-01,"Positive"
"Iran","2018","11",449000,4173000,"2018 Nov",3724000,4622000,2018-11-01,"Positive"
"Iran","2018","10",356000,4341000,"2018 Oct",3985000,4697000,2018-10-01,"Positive"
"Iran","2018","09",1201000,85387000,"2018 Sep",84186000,86588000,2018-09-01,"Positive"
"Iran","2018","08",862000,44040000,"2018 Aug",43178000,44902000,2018-08-01,"Positive"
"Iran","2018","07",582000,46407000,"2018 Jul",45825000,46989000,2018-07-01,"Positive"
"Iran","2018","06",950000,42399000,"2018 Jun",41449000,43349000,2018-06-01,"Positive"
"Iran","2018","05",2822000,114533000,"2018 May",111711000,117355000,2018-05-01,"Positive"
"Iran","2018","04",895000,48807000,"2018 Apr",47912000,49702000,2018-04-01,"Positive"
"Iran","2018","03",1142000,38135000,"2018 Mar",36993000,39277000,2018-03-01,"Positive"
"Iran","2018","02",407000,12084000,"2018 Feb",11677000,12491000,2018-02-01,"Positive"
"Iran","2018","01",1289000,23474000,"2018 Jan",22185000,24763000,2018-01-01,"Positive"
"Israel","2022","01",99841000,97611000,"2022 Jan",-2230000,197452000,2022-01-01,"Negative"
"Israel","2021","12",78553000,130817000,"2021 Dec",52264000,209370000,2021-12-01,"Positive"
"Israel","2021","11",133323000,113756000,"2021 Nov",-19567000,247079000,2021-11-01,"Negative"
"Israel","2021","10",78247000,84731000,"2021 Oct",6484000,162978000,2021-10-01,"Positive"
"Israel","2021","09",61451000,86316000,"2021 Sep",24865000,147767000,2021-09-01,"Positive"
"Israel","2021","08",118969000,115120000,"2021 Aug",-3849000,234089000,2021-08-01,"Negative"
"Israel","2021","07",91964000,77433000,"2021 Jul",-14531000,169397000,2021-07-01,"Negative"
"Israel","2021","06",114138000,120143000,"2021 Jun",6005000,234281000,2021-06-01,"Positive"
"Israel","2021","05",66475000,65197000,"2021 May",-1278000,131672000,2021-05-01,"Negative"
"Israel","2021","04",100274000,79422000,"2021 Apr",-20852000,179696000,2021-04-01,"Negative"
"Israel","2021","03",65341000,109961000,"2021 Mar",44620000,175302000,2021-03-01,"Positive"
"Israel","2021","02",50469000,186911000,"2021 Feb",136442000,237380000,2021-02-01,"Positive"
"Israel","2021","01",57611000,145386000,"2021 Jan",87775000,202997000,2021-01-01,"Positive"
"Israel","2020","12",57097000,79428000,"2020 Dec",22331000,136525000,2020-12-01,"Positive"
"Israel","2020","11",66810000,60733000,"2020 Nov",-6077000,127543000,2020-11-01,"Negative"
"Israel","2020","10",55783000,82054000,"2020 Oct",26271000,137837000,2020-10-01,"Positive"
"Israel","2020","09",78726000,70195000,"2020 Sep",-8531000,148921000,2020-09-01,"Negative"
"Israel","2020","08",62961000,69972000,"2020 Aug",7011000,132933000,2020-08-01,"Positive"
"Israel","2020","07",67784000,93102000,"2020 Jul",25318000,160886000,2020-07-01,"Positive"
"Israel","2020","06",70446000,67597000,"2020 Jun",-2849000,138043000,2020-06-01,"Negative"
"Israel","2020","05",60180000,70264000,"2020 May",10084000,130444000,2020-05-01,"Positive"
"Israel","2020","04",48218000,58873000,"2020 Apr",10655000,107091000,2020-04-01,"Positive"
"Israel","2020","03",79818000,76531000,"2020 Mar",-3287000,156349000,2020-03-01,"Negative"
"Israel","2020","02",100408000,108427000,"2020 Feb",8019000,208835000,2020-02-01,"Positive"
"Israel","2020","01",63270000,64986000,"2020 Jan",1716000,128256000,2020-01-01,"Positive"
"Israel","2019","12",74906000,117934000,"2019 Dec",43028000,192840000,2019-12-01,"Positive"
"Israel","2019","11",102312000,96976000,"2019 Nov",-5336000,199288000,2019-11-01,"Negative"
"Israel","2019","10",57422000,76393000,"2019 Oct",18971000,133815000,2019-10-01,"Positive"
"Israel","2019","09",83762000,68331000,"2019 Sep",-15431000,152093000,2019-09-01,"Negative"
"Israel","2019","08",55922000,107747000,"2019 Aug",51825000,163669000,2019-08-01,"Positive"
"Israel","2019","07",85640000,75506000,"2019 Jul",-10134000,161146000,2019-07-01,"Negative"
"Israel","2019","06",47538000,57901000,"2019 Jun",10363000,105439000,2019-06-01,"Positive"
"Israel","2019","05",52915000,91737000,"2019 May",38822000,144652000,2019-05-01,"Positive"
"Israel","2019","04",63800000,90117000,"2019 Apr",26317000,153917000,2019-04-01,"Positive"
"Israel","2019","03",50886000,84356000,"2019 Mar",33470000,135242000,2019-03-01,"Positive"
"Israel","2019","02",55319000,57520000,"2019 Feb",2201000,112839000,2019-02-01,"Positive"
"Israel","2019","01",56398000,105782000,"2019 Jan",49384000,162180000,2019-01-01,"Positive"
"Israel","2018","12",73006000,166687000,"2018 Dec",93681000,239693000,2018-12-01,"Positive"
"Israel","2018","11",63206000,111233000,"2018 Nov",48027000,174439000,2018-11-01,"Positive"
"Israel","2018","10",53124000,121614000,"2018 Oct",68490000,174738000,2018-10-01,"Positive"
"Israel","2018","09",56548000,68550000,"2018 Sep",12002000,125098000,2018-09-01,"Positive"
"Israel","2018","08",64760000,74049000,"2018 Aug",9289000,138809000,2018-08-01,"Positive"
"Israel","2018","07",84046000,80454000,"2018 Jul",-3592000,164500000,2018-07-01,"Negative"
"Israel","2018","06",78433000,88721000,"2018 Jun",10288000,167154000,2018-06-01,"Positive"
"Israel","2018","05",56825000,95322000,"2018 May",38497000,152147000,2018-05-01,"Positive"
"Israel","2018","04",71578000,97995000,"2018 Apr",26417000,169573000,2018-04-01,"Positive"
"Israel","2018","03",88467000,100174000,"2018 Mar",11707000,188641000,2018-03-01,"Positive"
"Israel","2018","02",73332000,73540000,"2018 Feb",208000,146872000,2018-02-01,"Positive"
"Israel","2018","01",83194000,84890000,"2018 Jan",1696000,168084000,2018-01-01,"Positive"
"Jordan","2022","01",6037000,9224000,"2022 Jan",3187000,15261000,2022-01-01,"Positive"
"Jordan","2021","12",7155000,15098000,"2021 Dec",7943000,22253000,2021-12-01,"Positive"
"Jordan","2021","11",2381000,6128000,"2021 Nov",3747000,8509000,2021-11-01,"Positive"
"Jordan","2021","10",5937000,7591000,"2021 Oct",1654000,13528000,2021-10-01,"Positive"
"Jordan","2021","09",7547000,5291000,"2021 Sep",-2256000,12838000,2021-09-01,"Negative"
"Jordan","2021","08",7314000,4202000,"2021 Aug",-3112000,11516000,2021-08-01,"Negative"
"Jordan","2021","07",8377000,9055000,"2021 Jul",678000,17432000,2021-07-01,"Positive"
"Jordan","2021","06",3585000,7550000,"2021 Jun",3965000,11135000,2021-06-01,"Positive"
"Jordan","2021","05",27108000,3120000,"2021 May",-23988000,30228000,2021-05-01,"Negative"
"Jordan","2021","04",3936000,8821000,"2021 Apr",4885000,12757000,2021-04-01,"Positive"
"Jordan","2021","03",9865000,5623000,"2021 Mar",-4242000,15488000,2021-03-01,"Negative"
"Jordan","2021","02",6639000,7352000,"2021 Feb",713000,13991000,2021-02-01,"Positive"
"Jordan","2021","01",4037000,4642000,"2021 Jan",605000,8679000,2021-01-01,"Positive"
"Jordan","2020","12",4383000,7080000,"2020 Dec",2697000,11463000,2020-12-01,"Positive"
"Jordan","2020","11",4367000,7975000,"2020 Nov",3608000,12342000,2020-11-01,"Positive"
"Jordan","2020","10",2624000,4568000,"2020 Oct",1944000,7192000,2020-10-01,"Positive"
"Jordan","2020","09",3093000,37262000,"2020 Sep",34169000,40355000,2020-09-01,"Positive"
"Jordan","2020","08",4904000,5001000,"2020 Aug",97000,9905000,2020-08-01,"Positive"
"Jordan","2020","07",8999000,5314000,"2020 Jul",-3685000,14313000,2020-07-01,"Negative"
"Jordan","2020","06",1829000,4129000,"2020 Jun",2300000,5958000,2020-06-01,"Positive"
"Jordan","2020","05",1171000,3496000,"2020 May",2325000,4667000,2020-05-01,"Positive"
"Jordan","2020","04",1144000,4592000,"2020 Apr",3448000,5736000,2020-04-01,"Positive"
"Jordan","2020","03",3326000,5108000,"2020 Mar",1782000,8434000,2020-03-01,"Positive"
"Jordan","2020","02",3582000,4285000,"2020 Feb",703000,7867000,2020-02-01,"Positive"
"Jordan","2020","01",2477000,3607000,"2020 Jan",1130000,6084000,2020-01-01,"Positive"
"Jordan","2019","12",2350000,4072000,"2019 Dec",1722000,6422000,2019-12-01,"Positive"
"Jordan","2019","11",1515000,5320000,"2019 Nov",3805000,6835000,2019-11-01,"Positive"
"Jordan","2019","10",2231000,3264000,"2019 Oct",1033000,5495000,2019-10-01,"Positive"
"Jordan","2019","09",4106000,4607000,"2019 Sep",501000,8713000,2019-09-01,"Positive"
"Jordan","2019","08",2021000,5403000,"2019 Aug",3382000,7424000,2019-08-01,"Positive"
"Jordan","2019","07",5358000,4078000,"2019 Jul",-1280000,9436000,2019-07-01,"Negative"
"Jordan","2019","06",2597000,3397000,"2019 Jun",8e+05,5994000,2019-06-01,"Positive"
"Jordan","2019","05",3610000,2900000,"2019 May",-710000,6510000,2019-05-01,"Negative"
"Jordan","2019","04",47263000,3362000,"2019 Apr",-43901000,50625000,2019-04-01,"Negative"
"Jordan","2019","03",1357000,4600000,"2019 Mar",3243000,5957000,2019-03-01,"Positive"
"Jordan","2019","02",2730000,52353000,"2019 Feb",49623000,55083000,2019-02-01,"Positive"
"Jordan","2019","01",29965000,6178000,"2019 Jan",-23787000,36143000,2019-01-01,"Negative"
"Jordan","2018","12",2012000,4748000,"2018 Dec",2736000,6760000,2018-12-01,"Positive"
"Jordan","2018","11",3165000,4241000,"2018 Nov",1076000,7406000,2018-11-01,"Positive"
"Jordan","2018","10",750000,4368000,"2018 Oct",3618000,5118000,2018-10-01,"Positive"
"Jordan","2018","09",2504000,4527000,"2018 Sep",2023000,7031000,2018-09-01,"Positive"
"Jordan","2018","08",3047000,4193000,"2018 Aug",1146000,7240000,2018-08-01,"Positive"
"Jordan","2018","07",3200000,2166000,"2018 Jul",-1034000,5366000,2018-07-01,"Negative"
"Jordan","2018","06",1386000,5596000,"2018 Jun",4210000,6982000,2018-06-01,"Positive"
"Jordan","2018","05",2083000,14155000,"2018 May",12072000,16238000,2018-05-01,"Positive"
"Jordan","2018","04",768000,3014000,"2018 Apr",2246000,3782000,2018-04-01,"Positive"
"Jordan","2018","03",2875000,4136000,"2018 Mar",1261000,7011000,2018-03-01,"Positive"
"Jordan","2018","02",1560000,3870000,"2018 Feb",2310000,5430000,2018-02-01,"Positive"
"Jordan","2018","01",1983000,4069000,"2018 Jan",2086000,6052000,2018-01-01,"Positive"
"Kuwait","2022","01",18171000,37178000,"2022 Jan",19007000,55349000,2022-01-01,"Positive"
"Kuwait","2021","12",30819000,32896000,"2021 Dec",2077000,63715000,2021-12-01,"Positive"
"Kuwait","2021","11",58308000,38914000,"2021 Nov",-19394000,97222000,2021-11-01,"Negative"
"Kuwait","2021","10",146002000,13755000,"2021 Oct",-132247000,159757000,2021-10-01,"Negative"
"Kuwait","2021","09",2001000,21588000,"2021 Sep",19587000,23589000,2021-09-01,"Positive"
"Kuwait","2021","08",22511000,16190000,"2021 Aug",-6321000,38701000,2021-08-01,"Negative"
"Kuwait","2021","07",3250000,9466000,"2021 Jul",6216000,12716000,2021-07-01,"Positive"
"Kuwait","2021","06",2742000,15099000,"2021 Jun",12357000,17841000,2021-06-01,"Positive"
"Kuwait","2021","05",29661000,12215000,"2021 May",-17446000,41876000,2021-05-01,"Negative"
"Kuwait","2021","04",126815000,42301000,"2021 Apr",-84514000,169116000,2021-04-01,"Negative"
"Kuwait","2021","03",39467000,20144000,"2021 Mar",-19323000,59611000,2021-03-01,"Negative"
"Kuwait","2021","02",87132000,14284000,"2021 Feb",-72848000,101416000,2021-02-01,"Negative"
"Kuwait","2021","01",203881000,40434000,"2021 Jan",-163447000,244315000,2021-01-01,"Negative"
"Kuwait","2020","12",84802000,11378000,"2020 Dec",-73424000,96180000,2020-12-01,"Negative"
"Kuwait","2020","11",136458000,13515000,"2020 Nov",-122943000,149973000,2020-11-01,"Negative"
"Kuwait","2020","10",164900000,25257000,"2020 Oct",-139643000,190157000,2020-10-01,"Negative"
"Kuwait","2020","09",89707000,12156000,"2020 Sep",-77551000,101863000,2020-09-01,"Negative"
"Kuwait","2020","08",232601000,14994000,"2020 Aug",-217607000,247595000,2020-08-01,"Negative"
"Kuwait","2020","07",402610000,15602000,"2020 Jul",-387008000,418212000,2020-07-01,"Negative"
"Kuwait","2020","06",29340000,14177000,"2020 Jun",-15163000,43517000,2020-06-01,"Negative"
"Kuwait","2020","05",159144000,11364000,"2020 May",-147780000,170508000,2020-05-01,"Negative"
"Kuwait","2020","04",75654000,11703000,"2020 Apr",-63951000,87357000,2020-04-01,"Negative"
"Kuwait","2020","03",118280000,18219000,"2020 Mar",-100061000,136499000,2020-03-01,"Negative"
"Kuwait","2020","02",180975000,12828000,"2020 Feb",-168147000,193803000,2020-02-01,"Negative"
"Kuwait","2020","01",402328000,24722000,"2020 Jan",-377606000,427050000,2020-01-01,"Negative"
"Kuwait","2019","12",349539000,24475000,"2019 Dec",-325064000,374014000,2019-12-01,"Negative"
"Kuwait","2019","11",439064000,16687000,"2019 Nov",-422377000,455751000,2019-11-01,"Negative"
"Kuwait","2019","10",362976000,17797000,"2019 Oct",-345179000,380773000,2019-10-01,"Negative"
"Kuwait","2019","09",123782000,22387000,"2019 Sep",-101395000,146169000,2019-09-01,"Negative"
"Kuwait","2019","08",160617000,17104000,"2019 Aug",-143513000,177721000,2019-08-01,"Negative"
"Kuwait","2019","07",95229000,16621000,"2019 Jul",-78608000,111850000,2019-07-01,"Negative"
"Kuwait","2019","06",235806000,17647000,"2019 Jun",-218159000,253453000,2019-06-01,"Negative"
"Kuwait","2019","05",448735000,23266000,"2019 May",-425469000,472001000,2019-05-01,"Negative"
"Kuwait","2019","04",101494000,19249000,"2019 Apr",-82245000,120743000,2019-04-01,"Negative"
"Kuwait","2019","03",240284000,22146000,"2019 Mar",-218138000,262430000,2019-03-01,"Negative"
"Kuwait","2019","02",165154000,12243000,"2019 Feb",-152911000,177397000,2019-02-01,"Negative"
"Kuwait","2019","01",235104000,23233000,"2019 Jan",-211871000,258337000,2019-01-01,"Negative"
"Kuwait","2018","12",390033000,15558000,"2018 Dec",-374475000,405591000,2018-12-01,"Negative"
"Kuwait","2018","11",411844000,22097000,"2018 Nov",-389747000,433941000,2018-11-01,"Negative"
"Kuwait","2018","10",430502000,18534000,"2018 Oct",-411968000,449036000,2018-10-01,"Negative"
"Kuwait","2018","09",448588000,22187000,"2018 Sep",-426401000,470775000,2018-09-01,"Negative"
"Kuwait","2018","08",452812000,21523000,"2018 Aug",-431289000,474335000,2018-08-01,"Negative"
"Kuwait","2018","07",180498000,16551000,"2018 Jul",-163947000,197049000,2018-07-01,"Negative"
"Kuwait","2018","06",705534000,17636000,"2018 Jun",-687898000,723170000,2018-06-01,"Negative"
"Kuwait","2018","05",680849000,21074000,"2018 May",-659775000,701923000,2018-05-01,"Negative"
"Kuwait","2018","04",433235000,12413000,"2018 Apr",-420822000,445648000,2018-04-01,"Negative"
"Kuwait","2018","03",670552000,16838000,"2018 Mar",-653714000,687390000,2018-03-01,"Negative"
"Kuwait","2018","02",152943000,18451000,"2018 Feb",-134492000,171394000,2018-02-01,"Negative"
"Kuwait","2018","01",541973000,29402000,"2018 Jan",-512571000,571375000,2018-01-01,"Negative"
"Lebanon","2022","01",121000,2256000,"2022 Jan",2135000,2377000,2022-01-01,"Positive"
"Lebanon","2021","12",515000,1301000,"2021 Dec",786000,1816000,2021-12-01,"Positive"
"Lebanon","2021","11",173000,1632000,"2021 Nov",1459000,1805000,2021-11-01,"Positive"
"Lebanon","2021","10",204000,1318000,"2021 Oct",1114000,1522000,2021-10-01,"Positive"
"Lebanon","2021","09",56000,1570000,"2021 Sep",1514000,1626000,2021-09-01,"Positive"
"Lebanon","2021","08",2e+05,1655000,"2021 Aug",1455000,1855000,2021-08-01,"Positive"
"Lebanon","2021","07",92000,1489000,"2021 Jul",1397000,1581000,2021-07-01,"Positive"
"Lebanon","2021","06",143000,1817000,"2021 Jun",1674000,1960000,2021-06-01,"Positive"
"Lebanon","2021","05",98000,1542000,"2021 May",1444000,1640000,2021-05-01,"Positive"
"Lebanon","2021","04",52000,2591000,"2021 Apr",2539000,2643000,2021-04-01,"Positive"
"Lebanon","2021","03",1e+05,1659000,"2021 Mar",1559000,1759000,2021-03-01,"Positive"
"Lebanon","2021","02",244000,2917000,"2021 Feb",2673000,3161000,2021-02-01,"Positive"
"Lebanon","2021","01",13000,2346000,"2021 Jan",2333000,2359000,2021-01-01,"Positive"
"Lebanon","2020","12",104000,2163000,"2020 Dec",2059000,2267000,2020-12-01,"Positive"
"Lebanon","2020","11",288000,2112000,"2020 Nov",1824000,2400000,2020-11-01,"Positive"
"Lebanon","2020","10",75000,1274000,"2020 Oct",1199000,1349000,2020-10-01,"Positive"
"Lebanon","2020","09",124000,3173000,"2020 Sep",3049000,3297000,2020-09-01,"Positive"
"Lebanon","2020","08",26000,1963000,"2020 Aug",1937000,1989000,2020-08-01,"Positive"
"Lebanon","2020","07",3032000,2093000,"2020 Jul",-939000,5125000,2020-07-01,"Negative"
"Lebanon","2020","06",145000,1305000,"2020 Jun",1160000,1450000,2020-06-01,"Positive"
"Lebanon","2020","05",214000,3210000,"2020 May",2996000,3424000,2020-05-01,"Positive"
"Lebanon","2020","04",91000,3193000,"2020 Apr",3102000,3284000,2020-04-01,"Positive"
"Lebanon","2020","03",191000,2544000,"2020 Mar",2353000,2735000,2020-03-01,"Positive"
"Lebanon","2020","02",192000,4736000,"2020 Feb",4544000,4928000,2020-02-01,"Positive"
"Lebanon","2020","01",176000,1618000,"2020 Jan",1442000,1794000,2020-01-01,"Positive"
"Lebanon","2019","12",78000,2327000,"2019 Dec",2249000,2405000,2019-12-01,"Positive"
"Lebanon","2019","11",402000,1585000,"2019 Nov",1183000,1987000,2019-11-01,"Positive"
"Lebanon","2019","10",114000,2907000,"2019 Oct",2793000,3021000,2019-10-01,"Positive"
"Lebanon","2019","09",1179000,3629000,"2019 Sep",2450000,4808000,2019-09-01,"Positive"
"Lebanon","2019","08",260000,4236000,"2019 Aug",3976000,4496000,2019-08-01,"Positive"
"Lebanon","2019","07",69000,3296000,"2019 Jul",3227000,3365000,2019-07-01,"Positive"
"Lebanon","2019","06",121000,3959000,"2019 Jun",3838000,4080000,2019-06-01,"Positive"
"Lebanon","2019","05",46000,4327000,"2019 May",4281000,4373000,2019-05-01,"Positive"
"Lebanon","2019","04",283000,3120000,"2019 Apr",2837000,3403000,2019-04-01,"Positive"
"Lebanon","2019","03",142000,4623000,"2019 Mar",4481000,4765000,2019-03-01,"Positive"
"Lebanon","2019","02",177000,2590000,"2019 Feb",2413000,2767000,2019-02-01,"Positive"
"Lebanon","2019","01",78000,5923000,"2019 Jan",5845000,6001000,2019-01-01,"Positive"
"Lebanon","2018","12",109000,2685000,"2018 Dec",2576000,2794000,2018-12-01,"Positive"
"Lebanon","2018","11",185000,3565000,"2018 Nov",3380000,3750000,2018-11-01,"Positive"
"Lebanon","2018","10",37000,5645000,"2018 Oct",5608000,5682000,2018-10-01,"Positive"
"Lebanon","2018","09",143000,4719000,"2018 Sep",4576000,4862000,2018-09-01,"Positive"
"Lebanon","2018","08",181000,4987000,"2018 Aug",4806000,5168000,2018-08-01,"Positive"
"Lebanon","2018","07",148000,4084000,"2018 Jul",3936000,4232000,2018-07-01,"Positive"
"Lebanon","2018","06",539000,7183000,"2018 Jun",6644000,7722000,2018-06-01,"Positive"
"Lebanon","2018","05",40000,5753000,"2018 May",5713000,5793000,2018-05-01,"Positive"
"Lebanon","2018","04",245000,4099000,"2018 Apr",3854000,4344000,2018-04-01,"Positive"
"Lebanon","2018","03",92000,3472000,"2018 Mar",3380000,3564000,2018-03-01,"Positive"
"Lebanon","2018","02",233000,4624000,"2018 Feb",4391000,4857000,2018-02-01,"Positive"
"Lebanon","2018","01",91000,5043000,"2018 Jan",4952000,5134000,2018-01-01,"Positive"
"Oman","2022","01",44336000,117675000,"2022 Jan",73339000,162011000,2022-01-01,"Positive"
"Oman","2021","12",32205000,20113000,"2021 Dec",-12092000,52318000,2021-12-01,"Negative"
"Oman","2021","11",68246000,14912000,"2021 Nov",-53334000,83158000,2021-11-01,"Negative"
"Oman","2021","10",1.8e+07,71116000,"2021 Oct",53116000,89116000,2021-10-01,"Positive"
"Oman","2021","09",70602000,50629000,"2021 Sep",-19973000,121231000,2021-09-01,"Negative"
"Oman","2021","08",111537000,11570000,"2021 Aug",-99967000,123107000,2021-08-01,"Negative"
"Oman","2021","07",27263000,11256000,"2021 Jul",-16007000,38519000,2021-07-01,"Negative"
"Oman","2021","06",134736000,31387000,"2021 Jun",-103349000,166123000,2021-06-01,"Negative"
"Oman","2021","05",45781000,14778000,"2021 May",-31003000,60559000,2021-05-01,"Negative"
"Oman","2021","04",52260000,14049000,"2021 Apr",-38211000,66309000,2021-04-01,"Negative"
"Oman","2021","03",95125000,25174000,"2021 Mar",-69951000,120299000,2021-03-01,"Negative"
"Oman","2021","02",3362000,17307000,"2021 Feb",13945000,20669000,2021-02-01,"Positive"
"Oman","2021","01",39721000,35671000,"2021 Jan",-4050000,75392000,2021-01-01,"Negative"
"Oman","2020","12",114288000,15487000,"2020 Dec",-98801000,129775000,2020-12-01,"Negative"
"Oman","2020","11",17440000,12243000,"2020 Nov",-5197000,29683000,2020-11-01,"Negative"
"Oman","2020","10",13784000,20751000,"2020 Oct",6967000,34535000,2020-10-01,"Positive"
"Oman","2020","09",42576000,18949000,"2020 Sep",-23627000,61525000,2020-09-01,"Negative"
"Oman","2020","08",13687000,16117000,"2020 Aug",2430000,29804000,2020-08-01,"Positive"
"Oman","2020","07",79909000,33286000,"2020 Jul",-46623000,113195000,2020-07-01,"Negative"
"Oman","2020","06",2561000,29861000,"2020 Jun",27300000,32422000,2020-06-01,"Positive"
"Oman","2020","05",2214000,17031000,"2020 May",14817000,19245000,2020-05-01,"Positive"
"Oman","2020","04",5321000,15543000,"2020 Apr",10222000,20864000,2020-04-01,"Positive"
"Oman","2020","03",26038000,24086000,"2020 Mar",-1952000,50124000,2020-03-01,"Negative"
"Oman","2020","02",13579000,46235000,"2020 Feb",32656000,59814000,2020-02-01,"Positive"
"Oman","2020","01",57540000,13934000,"2020 Jan",-43606000,71474000,2020-01-01,"Negative"
"Oman","2019","12",10305000,10816000,"2019 Dec",511000,21121000,2019-12-01,"Positive"
"Oman","2019","11",3814000,38434000,"2019 Nov",34620000,42248000,2019-11-01,"Positive"
"Oman","2019","10",28259000,20746000,"2019 Oct",-7513000,49005000,2019-10-01,"Negative"
"Oman","2019","09",101933000,32672000,"2019 Sep",-69261000,134605000,2019-09-01,"Negative"
"Oman","2019","08",3843000,141504000,"2019 Aug",137661000,145347000,2019-08-01,"Positive"
"Oman","2019","07",7275000,12158000,"2019 Jul",4883000,19433000,2019-07-01,"Positive"
"Oman","2019","06",20415000,12066000,"2019 Jun",-8349000,32481000,2019-06-01,"Negative"
"Oman","2019","05",5570000,17705000,"2019 May",12135000,23275000,2019-05-01,"Positive"
"Oman","2019","04",5218000,13589000,"2019 Apr",8371000,18807000,2019-04-01,"Positive"
"Oman","2019","03",67229000,16470000,"2019 Mar",-50759000,83699000,2019-03-01,"Negative"
"Oman","2019","02",16055000,8922000,"2019 Feb",-7133000,24977000,2019-02-01,"Negative"
"Oman","2019","01",6685000,14450000,"2019 Jan",7765000,21135000,2019-01-01,"Positive"
"Oman","2018","12",2731000,17986000,"2018 Dec",15255000,20717000,2018-12-01,"Positive"
"Oman","2018","11",230436000,14561000,"2018 Nov",-215875000,244997000,2018-11-01,"Negative"
"Oman","2018","10",69442000,20157000,"2018 Oct",-49285000,89599000,2018-10-01,"Negative"
"Oman","2018","09",13260000,12166000,"2018 Sep",-1094000,25426000,2018-09-01,"Negative"
"Oman","2018","08",22418000,20675000,"2018 Aug",-1743000,43093000,2018-08-01,"Negative"
"Oman","2018","07",12959000,16720000,"2018 Jul",3761000,29679000,2018-07-01,"Positive"
"Oman","2018","06",36165000,29461000,"2018 Jun",-6704000,65626000,2018-06-01,"Negative"
"Oman","2018","05",620000,17755000,"2018 May",17135000,18375000,2018-05-01,"Positive"
"Oman","2018","04",11623000,26121000,"2018 Apr",14498000,37744000,2018-04-01,"Positive"
"Oman","2018","03",4391000,28425000,"2018 Mar",24034000,32816000,2018-03-01,"Positive"
"Oman","2018","02",2492000,13838000,"2018 Feb",11346000,16330000,2018-02-01,"Positive"
"Oman","2018","01",104503000,13341000,"2018 Jan",-91162000,117844000,2018-01-01,"Negative"
"Qatar","2022","01",429490000,56135000,"2022 Jan",-373355000,485625000,2022-01-01,"Negative"
"Qatar","2021","12",665939000,73090000,"2021 Dec",-592849000,739029000,2021-12-01,"Negative"
"Qatar","2021","11",795068000,84556000,"2021 Nov",-710512000,879624000,2021-11-01,"Negative"
"Qatar","2021","10",603117000,104376000,"2021 Oct",-498741000,707493000,2021-10-01,"Negative"
"Qatar","2021","09",671183000,85148000,"2021 Sep",-586035000,756331000,2021-09-01,"Negative"
"Qatar","2021","08",561152000,72064000,"2021 Aug",-489088000,633216000,2021-08-01,"Negative"
"Qatar","2021","07",819056000,72604000,"2021 Jul",-746452000,891660000,2021-07-01,"Negative"
"Qatar","2021","06",509496000,91253000,"2021 Jun",-418243000,600749000,2021-06-01,"Negative"
"Qatar","2021","05",310420000,67345000,"2021 May",-243075000,377765000,2021-05-01,"Negative"
"Qatar","2021","04",431580000,91589000,"2021 Apr",-339991000,523169000,2021-04-01,"Negative"
"Qatar","2021","03",542262000,116734000,"2021 Mar",-425528000,658996000,2021-03-01,"Negative"
"Qatar","2021","02",466001000,73835000,"2021 Feb",-392166000,539836000,2021-02-01,"Negative"
"Qatar","2021","01",347096000,79839000,"2021 Jan",-267257000,426935000,2021-01-01,"Negative"
"Qatar","2020","12",205269000,50873000,"2020 Dec",-154396000,256142000,2020-12-01,"Negative"
"Qatar","2020","11",367074000,47072000,"2020 Nov",-320002000,414146000,2020-11-01,"Negative"
"Qatar","2020","10",255004000,142721000,"2020 Oct",-112283000,397725000,2020-10-01,"Negative"
"Qatar","2020","09",235402000,59239000,"2020 Sep",-176163000,294641000,2020-09-01,"Negative"
"Qatar","2020","08",256288000,44457000,"2020 Aug",-211831000,300745000,2020-08-01,"Negative"
"Qatar","2020","07",232299000,59271000,"2020 Jul",-173028000,291570000,2020-07-01,"Negative"
"Qatar","2020","06",292131000,33201000,"2020 Jun",-258930000,325332000,2020-06-01,"Negative"
"Qatar","2020","05",263401000,25870000,"2020 May",-237531000,289271000,2020-05-01,"Negative"
"Qatar","2020","04",394261000,39314000,"2020 Apr",-354947000,433575000,2020-04-01,"Negative"
"Qatar","2020","03",655950000,232164000,"2020 Mar",-423786000,888114000,2020-03-01,"Negative"
"Qatar","2020","02",1012134000,86612000,"2020 Feb",-925522000,1098746000,2020-02-01,"Negative"
"Qatar","2020","01",699137000,63229000,"2020 Jan",-635908000,762366000,2020-01-01,"Negative"
"Qatar","2019","12",629916000,84447000,"2019 Dec",-545469000,714363000,2019-12-01,"Negative"
"Qatar","2019","11",721958000,187399000,"2019 Nov",-534559000,909357000,2019-11-01,"Negative"
"Qatar","2019","10",503999000,105756000,"2019 Oct",-398243000,609755000,2019-10-01,"Negative"
"Qatar","2019","09",416050000,53087000,"2019 Sep",-362963000,469137000,2019-09-01,"Negative"
"Qatar","2019","08",356883000,57758000,"2019 Aug",-299125000,414641000,2019-08-01,"Negative"
"Qatar","2019","07",560630000,92471000,"2019 Jul",-468159000,653101000,2019-07-01,"Negative"
"Qatar","2019","06",634593000,115055000,"2019 Jun",-519538000,749648000,2019-06-01,"Negative"
"Qatar","2019","05",819641000,148215000,"2019 May",-671426000,967856000,2019-05-01,"Negative"
"Qatar","2019","04",684561000,100797000,"2019 Apr",-583764000,785358000,2019-04-01,"Negative"
"Qatar","2019","03",544524000,128465000,"2019 Mar",-416059000,672989000,2019-03-01,"Negative"
"Qatar","2019","02",710787000,120163000,"2019 Feb",-590624000,830950000,2019-02-01,"Negative"
"Qatar","2019","01",743658000,120371000,"2019 Jan",-623287000,864029000,2019-01-01,"Negative"
"Qatar","2018","12",763449000,334570000,"2018 Dec",-428879000,1098019000,2018-12-01,"Negative"
"Qatar","2018","11",938230000,100312000,"2018 Nov",-837918000,1038542000,2018-11-01,"Negative"
"Qatar","2018","10",1018952000,63817000,"2018 Oct",-955135000,1082769000,2018-10-01,"Negative"
"Qatar","2018","09",791139000,49184000,"2018 Sep",-741955000,840323000,2018-09-01,"Negative"
"Qatar","2018","08",887329000,49167000,"2018 Aug",-838162000,936496000,2018-08-01,"Negative"
"Qatar","2018","07",921564000,54385000,"2018 Jul",-867179000,975949000,2018-07-01,"Negative"
"Qatar","2018","06",568520000,47737000,"2018 Jun",-520783000,616257000,2018-06-01,"Negative"
"Qatar","2018","05",608277000,50758000,"2018 May",-557519000,659035000,2018-05-01,"Negative"
"Qatar","2018","04",596823000,66498000,"2018 Apr",-530325000,663321000,2018-04-01,"Negative"
"Qatar","2018","03",515787000,54036000,"2018 Mar",-461751000,569823000,2018-03-01,"Negative"
"Qatar","2018","02",787369000,45758000,"2018 Feb",-741611000,833127000,2018-02-01,"Negative"
"Qatar","2018","01",761510000,182975000,"2018 Jan",-578535000,944485000,2018-01-01,"Negative"
"Saudi Arabia","2022","01",920723000,92437000,"2022 Jan",-828286000,1013160000,2022-01-01,"Negative"
"Saudi Arabia","2021","12",1061601000,94612000,"2021 Dec",-966989000,1156213000,2021-12-01,"Negative"
"Saudi Arabia","2021","11",684635000,88761000,"2021 Nov",-595874000,773396000,2021-11-01,"Negative"
"Saudi Arabia","2021","10",634685000,88324000,"2021 Oct",-546361000,723009000,2021-10-01,"Negative"
"Saudi Arabia","2021","09",455760000,159552000,"2021 Sep",-296208000,615312000,2021-09-01,"Negative"
"Saudi Arabia","2021","08",662959000,185671000,"2021 Aug",-477288000,848630000,2021-08-01,"Negative"
"Saudi Arabia","2021","07",801349000,76219000,"2021 Jul",-725130000,877568000,2021-07-01,"Negative"
"Saudi Arabia","2021","06",1021200000,95390000,"2021 Jun",-925810000,1116590000,2021-06-01,"Negative"
"Saudi Arabia","2021","05",402063000,72854000,"2021 May",-329209000,474917000,2021-05-01,"Negative"
"Saudi Arabia","2021","04",489029000,72107000,"2021 Apr",-416922000,561136000,2021-04-01,"Negative"
"Saudi Arabia","2021","03",794911000,82898000,"2021 Mar",-712013000,877809000,2021-03-01,"Negative"
"Saudi Arabia","2021","02",538287000,121528000,"2021 Feb",-416759000,659815000,2021-02-01,"Negative"
"Saudi Arabia","2021","01",740428000,138420000,"2021 Jan",-602008000,878848000,2021-01-01,"Negative"
"Saudi Arabia","2020","12",718909000,117440000,"2020 Dec",-601469000,836349000,2020-12-01,"Negative"
"Saudi Arabia","2020","11",499098000,130643000,"2020 Nov",-368455000,629741000,2020-11-01,"Negative"
"Saudi Arabia","2020","10",476869000,383010000,"2020 Oct",-93859000,859879000,2020-10-01,"Negative"
"Saudi Arabia","2020","09",1127040000,279326000,"2020 Sep",-847714000,1406366000,2020-09-01,"Negative"
"Saudi Arabia","2020","08",648954000,119236000,"2020 Aug",-529718000,768190000,2020-08-01,"Negative"
"Saudi Arabia","2020","07",455710000,146683000,"2020 Jul",-309027000,602393000,2020-07-01,"Negative"
"Saudi Arabia","2020","06",405429000,128019000,"2020 Jun",-277410000,533448000,2020-06-01,"Negative"
"Saudi Arabia","2020","05",425003000,76943000,"2020 May",-348060000,501946000,2020-05-01,"Negative"
"Saudi Arabia","2020","04",432733000,84083000,"2020 Apr",-348650000,516816000,2020-04-01,"Negative"
"Saudi Arabia","2020","03",435911000,90619000,"2020 Mar",-345292000,526530000,2020-03-01,"Negative"
"Saudi Arabia","2020","02",673261000,115931000,"2020 Feb",-557330000,789192000,2020-02-01,"Negative"
"Saudi Arabia","2020","01",669964000,109237000,"2020 Jan",-560727000,779201000,2020-01-01,"Negative"
"Saudi Arabia","2019","12",600525000,79858000,"2019 Dec",-520667000,680383000,2019-12-01,"Negative"
"Saudi Arabia","2019","11",1128559000,89410000,"2019 Nov",-1039149000,1217969000,2019-11-01,"Negative"
"Saudi Arabia","2019","10",844083000,85171000,"2019 Oct",-758912000,929254000,2019-10-01,"Negative"
"Saudi Arabia","2019","09",547296000,241087000,"2019 Sep",-306209000,788383000,2019-09-01,"Negative"
"Saudi Arabia","2019","08",758187000,98057000,"2019 Aug",-660130000,856244000,2019-08-01,"Negative"
"Saudi Arabia","2019","07",1010747000,87015000,"2019 Jul",-923732000,1097762000,2019-07-01,"Negative"
"Saudi Arabia","2019","06",980460000,68971000,"2019 Jun",-911489000,1049431000,2019-06-01,"Negative"
"Saudi Arabia","2019","05",900292000,86145000,"2019 May",-814147000,986437000,2019-05-01,"Negative"
"Saudi Arabia","2019","04",1325880000,80613000,"2019 Apr",-1245267000,1406493000,2019-04-01,"Negative"
"Saudi Arabia","2019","03",905511000,255074000,"2019 Mar",-650437000,1160585000,2019-03-01,"Negative"
"Saudi Arabia","2019","02",1102323000,54723000,"2019 Feb",-1047600000,1157046000,2019-02-01,"Negative"
"Saudi Arabia","2019","01",1351355000,74020000,"2019 Jan",-1277335000,1425375000,2019-01-01,"Negative"
"Saudi Arabia","2018","12",1259900000,134242000,"2018 Dec",-1125658000,1394142000,2018-12-01,"Negative"
"Saudi Arabia","2018","11",1843587000,62274000,"2018 Nov",-1781313000,1905861000,2018-11-01,"Negative"
"Saudi Arabia","2018","10",1944419000,76089000,"2018 Oct",-1868330000,2020508000,2018-10-01,"Negative"
"Saudi Arabia","2018","09",1461011000,73077000,"2018 Sep",-1387934000,1534088000,2018-09-01,"Negative"
"Saudi Arabia","2018","08",1258870000,132033000,"2018 Aug",-1126837000,1390903000,2018-08-01,"Negative"
"Saudi Arabia","2018","07",1621784000,81445000,"2018 Jul",-1540339000,1703229000,2018-07-01,"Negative"
"Saudi Arabia","2018","06",1266713000,69990000,"2018 Jun",-1196723000,1336703000,2018-06-01,"Negative"
"Saudi Arabia","2018","05",1208454000,72577000,"2018 May",-1135877000,1281031000,2018-05-01,"Negative"
"Saudi Arabia","2018","04",1712821000,86034000,"2018 Apr",-1626787000,1798855000,2018-04-01,"Negative"
"Saudi Arabia","2018","03",1144347000,89252000,"2018 Mar",-1055095000,1233599000,2018-03-01,"Negative"
"Saudi Arabia","2018","02",1144696000,70518000,"2018 Feb",-1074178000,1215214000,2018-02-01,"Negative"
"Saudi Arabia","2018","01",1186180000,68954000,"2018 Jan",-1117226000,1255134000,2018-01-01,"Negative"
"Syria","2022","01",0,54000,"2022 Jan",54000,54000,2022-01-01,"Positive"
"Syria","2021","12",0,0,"2021 Dec",0,0,2021-12-01,"Negative"
"Syria","2021","11",0,263000,"2021 Nov",263000,263000,2021-11-01,"Positive"
"Syria","2021","10",0,576000,"2021 Oct",576000,576000,2021-10-01,"Positive"
"Syria","2021","09",2000,52000,"2021 Sep",50000,54000,2021-09-01,"Positive"
"Syria","2021","08",0,488000,"2021 Aug",488000,488000,2021-08-01,"Positive"
"Syria","2021","07",0,243000,"2021 Jul",243000,243000,2021-07-01,"Positive"
"Syria","2021","06",0,0,"2021 Jun",0,0,2021-06-01,"Negative"
"Syria","2021","05",1000,260000,"2021 May",259000,261000,2021-05-01,"Positive"
"Syria","2021","04",0,836000,"2021 Apr",836000,836000,2021-04-01,"Positive"
"Syria","2021","03",0,0,"2021 Mar",0,0,2021-03-01,"Negative"
"Syria","2021","02",0,12000,"2021 Feb",12000,12000,2021-02-01,"Positive"
"Syria","2021","01",0,124000,"2021 Jan",124000,124000,2021-01-01,"Positive"
"Syria","2020","12",87000,1000,"2020 Dec",-86000,88000,2020-12-01,"Negative"
"Syria","2020","11",0,256000,"2020 Nov",256000,256000,2020-11-01,"Positive"
"Syria","2020","10",0,6000,"2020 Oct",6000,6000,2020-10-01,"Positive"
"Syria","2020","09",0,296000,"2020 Sep",296000,296000,2020-09-01,"Positive"
"Syria","2020","08",7000,647000,"2020 Aug",640000,654000,2020-08-01,"Positive"
"Syria","2020","07",0,680000,"2020 Jul",680000,680000,2020-07-01,"Positive"
"Syria","2020","06",1000,1525000,"2020 Jun",1524000,1526000,2020-06-01,"Positive"
"Syria","2020","05",0,1977000,"2020 May",1977000,1977000,2020-05-01,"Positive"
"Syria","2020","04",0,42000,"2020 Apr",42000,42000,2020-04-01,"Positive"
"Syria","2020","03",1000,757000,"2020 Mar",756000,758000,2020-03-01,"Positive"
"Syria","2020","02",0,1046000,"2020 Feb",1046000,1046000,2020-02-01,"Positive"
"Syria","2020","01",4000,218000,"2020 Jan",214000,222000,2020-01-01,"Positive"
"Syria","2019","12",0,1406000,"2019 Dec",1406000,1406000,2019-12-01,"Positive"
"Syria","2019","11",1000,1184000,"2019 Nov",1183000,1185000,2019-11-01,"Positive"
"Syria","2019","10",0,620000,"2019 Oct",620000,620000,2019-10-01,"Positive"
"Syria","2019","09",1000,476000,"2019 Sep",475000,477000,2019-09-01,"Positive"
"Syria","2019","08",1000,662000,"2019 Aug",661000,663000,2019-08-01,"Positive"
"Syria","2019","07",0,330000,"2019 Jul",330000,330000,2019-07-01,"Positive"
"Syria","2019","06",14000,353000,"2019 Jun",339000,367000,2019-06-01,"Positive"
"Syria","2019","05",6000,607000,"2019 May",601000,613000,2019-05-01,"Positive"
"Syria","2019","04",0,908000,"2019 Apr",908000,908000,2019-04-01,"Positive"
"Syria","2019","03",0,1417000,"2019 Mar",1417000,1417000,2019-03-01,"Positive"
"Syria","2019","02",1000,134000,"2019 Feb",133000,135000,2019-02-01,"Positive"
"Syria","2019","01",1000,691000,"2019 Jan",690000,692000,2019-01-01,"Positive"
"Syria","2018","12",1000,1196000,"2018 Dec",1195000,1197000,2018-12-01,"Positive"
"Syria","2018","11",0,985000,"2018 Nov",985000,985000,2018-11-01,"Positive"
"Syria","2018","10",0,1766000,"2018 Oct",1766000,1766000,2018-10-01,"Positive"
"Syria","2018","09",0,817000,"2018 Sep",817000,817000,2018-09-01,"Positive"
"Syria","2018","08",314000,1401000,"2018 Aug",1087000,1715000,2018-08-01,"Positive"
"Syria","2018","07",0,1652000,"2018 Jul",1652000,1652000,2018-07-01,"Positive"
"Syria","2018","06",0,1028000,"2018 Jun",1028000,1028000,2018-06-01,"Positive"
"Syria","2018","05",5000,731000,"2018 May",726000,736000,2018-05-01,"Positive"
"Syria","2018","04",298000,929000,"2018 Apr",631000,1227000,2018-04-01,"Positive"
"Syria","2018","03",0,946000,"2018 Mar",946000,946000,2018-03-01,"Positive"
"Syria","2018","02",0,943000,"2018 Feb",943000,943000,2018-02-01,"Positive"
"Syria","2018","01",86000,597000,"2018 Jan",511000,683000,2018-01-01,"Positive"
"United Arab Emirates","2022","01",1619974000,810537000,"2022 Jan",-809437000,2430511000,2022-01-01,"Negative"
"United Arab Emirates","2021","12",2186761000,504715000,"2021 Dec",-1682046000,2691476000,2021-12-01,"Negative"
"United Arab Emirates","2021","11",1644999000,572477000,"2021 Nov",-1072522000,2217476000,2021-11-01,"Negative"
"United Arab Emirates","2021","10",1901779000,490172000,"2021 Oct",-1411607000,2391951000,2021-10-01,"Negative"
"United Arab Emirates","2021","09",1800164000,487901000,"2021 Sep",-1312263000,2288065000,2021-09-01,"Negative"
"United Arab Emirates","2021","08",1450713000,367587000,"2021 Aug",-1083126000,1818300000,2021-08-01,"Negative"
"United Arab Emirates","2021","07",1438091000,345748000,"2021 Jul",-1092343000,1783839000,2021-07-01,"Negative"
"United Arab Emirates","2021","06",1125208000,431532000,"2021 Jun",-693676000,1556740000,2021-06-01,"Negative"
"United Arab Emirates","2021","05",1287523000,353291000,"2021 May",-934232000,1640814000,2021-05-01,"Negative"
"United Arab Emirates","2021","04",1142398000,418939000,"2021 Apr",-723459000,1561337000,2021-04-01,"Negative"
"United Arab Emirates","2021","03",1142123000,529311000,"2021 Mar",-612812000,1671434000,2021-03-01,"Negative"
"United Arab Emirates","2021","02",1007019000,529671000,"2021 Feb",-477348000,1536690000,2021-02-01,"Negative"
"United Arab Emirates","2021","01",716893000,362485000,"2021 Jan",-354408000,1079378000,2021-01-01,"Negative"
"United Arab Emirates","2020","12",899563000,386777000,"2020 Dec",-512786000,1286340000,2020-12-01,"Negative"
"United Arab Emirates","2020","11",374463000,386238000,"2020 Nov",11775000,760701000,2020-11-01,"Positive"
"United Arab Emirates","2020","10",666893000,359902000,"2020 Oct",-306991000,1026795000,2020-10-01,"Negative"
"United Arab Emirates","2020","09",1798522000,319082000,"2020 Sep",-1479440000,2117604000,2020-09-01,"Negative"
"United Arab Emirates","2020","08",601540000,424018000,"2020 Aug",-177522000,1025558000,2020-08-01,"Negative"
"United Arab Emirates","2020","07",384810000,269358000,"2020 Jul",-115452000,654168000,2020-07-01,"Negative"
"United Arab Emirates","2020","06",318246000,261461000,"2020 Jun",-56785000,579707000,2020-06-01,"Negative"
"United Arab Emirates","2020","05",453294000,190829000,"2020 May",-262465000,644123000,2020-05-01,"Negative"
"United Arab Emirates","2020","04",526619000,219470000,"2020 Apr",-307149000,746089000,2020-04-01,"Negative"
"United Arab Emirates","2020","03",635944000,411904000,"2020 Mar",-224040000,1047848000,2020-03-01,"Negative"
"United Arab Emirates","2020","02",1134202000,524626000,"2020 Feb",-609576000,1658828000,2020-02-01,"Negative"
"United Arab Emirates","2020","01",816041000,457369000,"2020 Jan",-358672000,1273410000,2020-01-01,"Negative"
"United Arab Emirates","2019","12",1249328000,440782000,"2019 Dec",-808546000,1690110000,2019-12-01,"Negative"
"United Arab Emirates","2019","11",1714638000,445110000,"2019 Nov",-1269528000,2159748000,2019-11-01,"Negative"
"United Arab Emirates","2019","10",1264344000,483763000,"2019 Oct",-780581000,1748107000,2019-10-01,"Negative"
"United Arab Emirates","2019","09",1202007000,467145000,"2019 Sep",-734862000,1669152000,2019-09-01,"Negative"
"United Arab Emirates","2019","08",1229335000,520245000,"2019 Aug",-709090000,1749580000,2019-08-01,"Negative"
"United Arab Emirates","2019","07",2073951000,466984000,"2019 Jul",-1606967000,2540935000,2019-07-01,"Negative"
"United Arab Emirates","2019","06",1208720000,556583000,"2019 Jun",-652137000,1765303000,2019-06-01,"Negative"
"United Arab Emirates","2019","05",1390404000,404675000,"2019 May",-985729000,1795079000,2019-05-01,"Negative"
"United Arab Emirates","2019","04",1366925000,418180000,"2019 Apr",-948745000,1785105000,2019-04-01,"Negative"
"United Arab Emirates","2019","03",952307000,459388000,"2019 Mar",-492919000,1411695000,2019-03-01,"Negative"
"United Arab Emirates","2019","02",753852000,417516000,"2019 Feb",-336336000,1171368000,2019-02-01,"Negative"
"United Arab Emirates","2019","01",1308821000,455463000,"2019 Jan",-853358000,1764284000,2019-01-01,"Negative"
"United Arab Emirates","2018","12",1080994000,402098000,"2018 Dec",-678896000,1483092000,2018-12-01,"Negative"
"United Arab Emirates","2018","11",1171615000,363636000,"2018 Nov",-807979000,1535251000,2018-11-01,"Negative"
"United Arab Emirates","2018","10",1238338000,444264000,"2018 Oct",-794074000,1682602000,2018-10-01,"Negative"
"United Arab Emirates","2018","09",1044935000,396575000,"2018 Sep",-648360000,1441510000,2018-09-01,"Negative"
"United Arab Emirates","2018","08",1224271000,321177000,"2018 Aug",-903094000,1545448000,2018-08-01,"Negative"
"United Arab Emirates","2018","07",1265377000,421071000,"2018 Jul",-844306000,1686448000,2018-07-01,"Negative"
"United Arab Emirates","2018","06",969022000,614158000,"2018 Jun",-354864000,1583180000,2018-06-01,"Negative"
"United Arab Emirates","2018","05",1043896000,391033000,"2018 May",-652863000,1434929000,2018-05-01,"Negative"
"United Arab Emirates","2018","04",787715000,424635000,"2018 Apr",-363080000,1212350000,2018-04-01,"Negative"
"United Arab Emirates","2018","03",914188000,490246000,"2018 Mar",-423942000,1404434000,2018-03-01,"Negative"
"United Arab Emirates","2018","02",1300962000,385951000,"2018 Feb",-915011000,1686913000,2018-02-01,"Negative"
"United Arab Emirates","2018","01",1046883000,354754000,"2018 Jan",-692129000,1401637000,2018-01-01,"Negative"
"Yemen","2022","01",2000,889000,"2022 Jan",887000,891000,2022-01-01,"Positive"
"Yemen","2021","12",687000,1590000,"2021 Dec",903000,2277000,2021-12-01,"Positive"
"Yemen","2021","11",611000,594000,"2021 Nov",-17000,1205000,2021-11-01,"Negative"
"Yemen","2021","10",1802000,694000,"2021 Oct",-1108000,2496000,2021-10-01,"Negative"
"Yemen","2021","09",1016000,1096000,"2021 Sep",80000,2112000,2021-09-01,"Positive"
"Yemen","2021","08",134000,1509000,"2021 Aug",1375000,1643000,2021-08-01,"Positive"
"Yemen","2021","07",958000,619000,"2021 Jul",-339000,1577000,2021-07-01,"Negative"
"Yemen","2021","06",17000,1093000,"2021 Jun",1076000,1110000,2021-06-01,"Positive"
"Yemen","2021","05",486000,905000,"2021 May",419000,1391000,2021-05-01,"Positive"
"Yemen","2021","04",116000,1687000,"2021 Apr",1571000,1803000,2021-04-01,"Positive"
"Yemen","2021","03",4000,1737000,"2021 Mar",1733000,1741000,2021-03-01,"Positive"
"Yemen","2021","02",464000,1024000,"2021 Feb",560000,1488000,2021-02-01,"Positive"
"Yemen","2021","01",0,2760000,"2021 Jan",2760000,2760000,2021-01-01,"Positive"
"Yemen","2020","12",855000,585000,"2020 Dec",-270000,1440000,2020-12-01,"Negative"
"Yemen","2020","11",292000,1927000,"2020 Nov",1635000,2219000,2020-11-01,"Positive"
"Yemen","2020","10",2194000,2007000,"2020 Oct",-187000,4201000,2020-10-01,"Negative"
"Yemen","2020","09",1142000,1350000,"2020 Sep",208000,2492000,2020-09-01,"Positive"
"Yemen","2020","08",35145000,330000,"2020 Aug",-34815000,35475000,2020-08-01,"Negative"
"Yemen","2020","07",67000,1444000,"2020 Jul",1377000,1511000,2020-07-01,"Positive"
"Yemen","2020","06",557000,681000,"2020 Jun",124000,1238000,2020-06-01,"Positive"
"Yemen","2020","05",306000,640000,"2020 May",334000,946000,2020-05-01,"Positive"
"Yemen","2020","04",87000,861000,"2020 Apr",774000,948000,2020-04-01,"Positive"
"Yemen","2020","03",240000,3334000,"2020 Mar",3094000,3574000,2020-03-01,"Positive"
"Yemen","2020","02",145000,1554000,"2020 Feb",1409000,1699000,2020-02-01,"Positive"
"Yemen","2020","01",70000,720000,"2020 Jan",650000,790000,2020-01-01,"Positive"
"Yemen","2019","12",919000,1709000,"2019 Dec",790000,2628000,2019-12-01,"Positive"
"Yemen","2019","11",365000,623000,"2019 Nov",258000,988000,2019-11-01,"Positive"
"Yemen","2019","10",824000,1422000,"2019 Oct",598000,2246000,2019-10-01,"Positive"
"Yemen","2019","09",455000,2708000,"2019 Sep",2253000,3163000,2019-09-01,"Positive"
"Yemen","2019","08",32000,1790000,"2019 Aug",1758000,1822000,2019-08-01,"Positive"
"Yemen","2019","07",311000,1273000,"2019 Jul",962000,1584000,2019-07-01,"Positive"
"Yemen","2019","06",88000,1108000,"2019 Jun",1020000,1196000,2019-06-01,"Positive"
"Yemen","2019","05",395000,995000,"2019 May",6e+05,1390000,2019-05-01,"Positive"
"Yemen","2019","04",520000,2369000,"2019 Apr",1849000,2889000,2019-04-01,"Positive"
"Yemen","2019","03",577000,1065000,"2019 Mar",488000,1642000,2019-03-01,"Positive"
"Yemen","2019","02",27000,8e+05,"2019 Feb",773000,827000,2019-02-01,"Positive"
"Yemen","2019","01",405000,569000,"2019 Jan",164000,974000,2019-01-01,"Positive"
"Yemen","2018","12",235000,88000,"2018 Dec",-147000,323000,2018-12-01,"Negative"
"Yemen","2018","11",247000,1721000,"2018 Nov",1474000,1968000,2018-11-01,"Positive"
"Yemen","2018","10",285000,1225000,"2018 Oct",940000,1510000,2018-10-01,"Positive"
"Yemen","2018","09",282000,1679000,"2018 Sep",1397000,1961000,2018-09-01,"Positive"
"Yemen","2018","08",427000,1515000,"2018 Aug",1088000,1942000,2018-08-01,"Positive"
"Yemen","2018","07",324000,903000,"2018 Jul",579000,1227000,2018-07-01,"Positive"
"Yemen","2018","06",447000,907000,"2018 Jun",460000,1354000,2018-06-01,"Positive"
"Yemen","2018","05",210000,1494000,"2018 May",1284000,1704000,2018-05-01,"Positive"
"Yemen","2018","04",293000,969000,"2018 Apr",676000,1262000,2018-04-01,"Positive"
"Yemen","2018","03",333000,1882000,"2018 Mar",1549000,2215000,2018-03-01,"Positive"
"Yemen","2018","02",158000,668000,"2018 Feb",510000,826000,2018-02-01,"Positive"
"Yemen","2018","01",177000,556000,"2018 Jan",379000,733000,2018-01-01,"Positive"
"Canada","2022","01",227718000,120336000,"2022 Jan",-107382000,348054000,2022-01-01,"Negative"
"Canada","2021","12",208080000,121091000,"2021 Dec",-86989000,329171000,2021-12-01,"Negative"
"Canada","2021","11",174473000,100868000,"2021 Nov",-73605000,275341000,2021-11-01,"Negative"
"Canada","2021","10",160527000,162562000,"2021 Oct",2035000,323089000,2021-10-01,"Positive"
"Canada","2021","09",206693000,102241000,"2021 Sep",-104452000,308934000,2021-09-01,"Negative"
"Canada","2021","08",190389000,64976000,"2021 Aug",-125413000,255365000,2021-08-01,"Negative"
"Canada","2021","07",135866000,70533000,"2021 Jul",-65333000,206399000,2021-07-01,"Negative"
"Canada","2021","06",156569000,64928000,"2021 Jun",-91641000,221497000,2021-06-01,"Negative"
"Canada","2021","05",161662000,56833000,"2021 May",-104829000,218495000,2021-05-01,"Negative"
"Canada","2021","04",154303000,73612000,"2021 Apr",-80691000,227915000,2021-04-01,"Negative"
"Canada","2021","03",158223000,81613000,"2021 Mar",-76610000,239836000,2021-03-01,"Negative"
"Canada","2021","02",148067000,53698000,"2021 Feb",-94369000,201765000,2021-02-01,"Negative"
"Canada","2021","01",143758000,57019000,"2021 Jan",-86739000,200777000,2021-01-01,"Negative"
"Canada","2020","12",142990000,138534000,"2020 Dec",-4456000,281524000,2020-12-01,"Negative"
"Canada","2020","11",140967000,220004000,"2020 Nov",79037000,360971000,2020-11-01,"Positive"
"Canada","2020","10",153105000,76252000,"2020 Oct",-76853000,229357000,2020-10-01,"Negative"
"Canada","2020","09",93748000,62009000,"2020 Sep",-31739000,155757000,2020-09-01,"Negative"
"Canada","2020","08",149755000,75216000,"2020 Aug",-74539000,224971000,2020-08-01,"Negative"
"Canada","2020","07",186771000,62895000,"2020 Jul",-123876000,249666000,2020-07-01,"Negative"
"Canada","2020","06",178313000,93620000,"2020 Jun",-84693000,271933000,2020-06-01,"Negative"
"Canada","2020","05",148801000,53696000,"2020 May",-95105000,202497000,2020-05-01,"Negative"
"Canada","2020","04",248425000,99261000,"2020 Apr",-149164000,347686000,2020-04-01,"Negative"
"Canada","2020","03",228461000,92034000,"2020 Mar",-136427000,320495000,2020-03-01,"Negative"
"Canada","2020","02",200223000,347609000,"2020 Feb",147386000,547832000,2020-02-01,"Positive"
"Canada","2020","01",568765000,206609000,"2020 Jan",-362156000,775374000,2020-01-01,"Negative"
"Canada","2019","12",234094000,198126000,"2019 Dec",-35968000,432220000,2019-12-01,"Negative"
"Canada","2019","11",275439000,85623000,"2019 Nov",-189816000,361062000,2019-11-01,"Negative"
"Canada","2019","10",235622000,225200000,"2019 Oct",-10422000,460822000,2019-10-01,"Negative"
"Canada","2019","09",210032000,164142000,"2019 Sep",-45890000,374174000,2019-09-01,"Negative"
"Canada","2019","08",201892000,106867000,"2019 Aug",-95025000,308759000,2019-08-01,"Negative"
"Canada","2019","07",163895000,137938000,"2019 Jul",-25957000,301833000,2019-07-01,"Negative"
"Canada","2019","06",191485000,102551000,"2019 Jun",-88934000,294036000,2019-06-01,"Negative"
"Canada","2019","05",213262000,104150000,"2019 May",-109112000,317412000,2019-05-01,"Negative"
"Canada","2019","04",380675000,95090000,"2019 Apr",-285585000,475765000,2019-04-01,"Negative"
"Canada","2019","03",205070000,93027000,"2019 Mar",-112043000,298097000,2019-03-01,"Negative"
"Canada","2019","02",179112000,98795000,"2019 Feb",-80317000,277907000,2019-02-01,"Negative"
"Canada","2019","01",207520000,125731000,"2019 Jan",-81789000,333251000,2019-01-01,"Negative"
"Canada","2018","12",204954000,75893000,"2018 Dec",-129061000,280847000,2018-12-01,"Negative"
"Canada","2018","11",230279000,115535000,"2018 Nov",-114744000,345814000,2018-11-01,"Negative"
"Canada","2018","10",175986000,118068000,"2018 Oct",-57918000,294054000,2018-10-01,"Negative"
"Canada","2018","09",211362000,101217000,"2018 Sep",-110145000,312579000,2018-09-01,"Negative"
"Canada","2018","08",265908000,151726000,"2018 Aug",-114182000,417634000,2018-08-01,"Negative"
"Canada","2018","07",225631000,89503000,"2018 Jul",-136128000,315134000,2018-07-01,"Negative"
"Canada","2018","06",145512000,80743000,"2018 Jun",-64769000,226255000,2018-06-01,"Negative"
"Canada","2018","05",109072000,136815000,"2018 May",27743000,245887000,2018-05-01,"Positive"
"Canada","2018","04",128835000,80488000,"2018 Apr",-48347000,209323000,2018-04-01,"Negative"
"Canada","2018","03",138144000,151909000,"2018 Mar",13765000,290053000,2018-03-01,"Positive"
"Canada","2018","02",100799000,59918000,"2018 Feb",-40881000,160717000,2018-02-01,"Negative"
"Canada","2018","01",145813000,114551000,"2018 Jan",-31262000,260364000,2018-01-01,"Negative"
"Puerto Rico","2022","01",7191000,61126000,"2022 Jan",53935000,68317000,2022-01-01,"Positive"
"Puerto Rico","2021","12",9797000,50839000,"2021 Dec",41042000,60636000,2021-12-01,"Positive"
"Puerto Rico","2021","11",7702000,71697000,"2021 Nov",63995000,79399000,2021-11-01,"Positive"
"Puerto Rico","2021","10",8677000,58921000,"2021 Oct",50244000,67598000,2021-10-01,"Positive"
"Puerto Rico","2021","09",7255000,66397000,"2021 Sep",59142000,73652000,2021-09-01,"Positive"
"Puerto Rico","2021","08",9454000,61679000,"2021 Aug",52225000,71133000,2021-08-01,"Positive"
"Puerto Rico","2021","07",10550000,153908000,"2021 Jul",143358000,164458000,2021-07-01,"Positive"
"Puerto Rico","2021","06",13472000,2.02e+08,"2021 Jun",188528000,215472000,2021-06-01,"Positive"
"Puerto Rico","2021","05",10596000,174375000,"2021 May",163779000,184971000,2021-05-01,"Positive"
"Puerto Rico","2021","04",14897000,204614000,"2021 Apr",189717000,219511000,2021-04-01,"Positive"
"Puerto Rico","2021","03",12719000,53094000,"2021 Mar",40375000,65813000,2021-03-01,"Positive"
"Puerto Rico","2021","02",6070000,174228000,"2021 Feb",168158000,180298000,2021-02-01,"Positive"
"Puerto Rico","2021","01",7893000,119996000,"2021 Jan",112103000,127889000,2021-01-01,"Positive"
"Puerto Rico","2020","12",15952000,21145000,"2020 Dec",5193000,37097000,2020-12-01,"Positive"
"Puerto Rico","2020","11",8948000,98322000,"2020 Nov",89374000,107270000,2020-11-01,"Positive"
"Puerto Rico","2020","10",18630000,75095000,"2020 Oct",56465000,93725000,2020-10-01,"Positive"
"Puerto Rico","2020","09",9590000,58576000,"2020 Sep",48986000,68166000,2020-09-01,"Positive"
"Puerto Rico","2020","08",3825000,108383000,"2020 Aug",104558000,112208000,2020-08-01,"Positive"
"Puerto Rico","2020","07",7209000,86994000,"2020 Jul",79785000,94203000,2020-07-01,"Positive"
"Puerto Rico","2020","06",7998000,101227000,"2020 Jun",93229000,109225000,2020-06-01,"Positive"
"Puerto Rico","2020","05",8257000,213163000,"2020 May",204906000,221420000,2020-05-01,"Positive"
"Puerto Rico","2020","04",13656000,214925000,"2020 Apr",201269000,228581000,2020-04-01,"Positive"
"Puerto Rico","2020","03",19178000,126074000,"2020 Mar",106896000,145252000,2020-03-01,"Positive"
"Puerto Rico","2020","02",9634000,141569000,"2020 Feb",131935000,151203000,2020-02-01,"Positive"
"Puerto Rico","2020","01",8214000,210260000,"2020 Jan",202046000,218474000,2020-01-01,"Positive"
"Puerto Rico","2019","12",12307000,20744000,"2019 Dec",8437000,33051000,2019-12-01,"Positive"
"Puerto Rico","2019","11",7553000,79222000,"2019 Nov",71669000,86775000,2019-11-01,"Positive"
"Puerto Rico","2019","10",11598000,121870000,"2019 Oct",110272000,133468000,2019-10-01,"Positive"
"Puerto Rico","2019","09",11931000,199617000,"2019 Sep",187686000,211548000,2019-09-01,"Positive"
"Puerto Rico","2019","08",9156000,242620000,"2019 Aug",233464000,251776000,2019-08-01,"Positive"
"Puerto Rico","2019","07",8002000,207045000,"2019 Jul",199043000,215047000,2019-07-01,"Positive"
"Puerto Rico","2019","06",36746000,158305000,"2019 Jun",121559000,195051000,2019-06-01,"Positive"
"Puerto Rico","2019","05",101159000,170032000,"2019 May",68873000,271191000,2019-05-01,"Positive"
"Puerto Rico","2019","04",8438000,98381000,"2019 Apr",89943000,106819000,2019-04-01,"Positive"
"Puerto Rico","2019","03",7203000,46370000,"2019 Mar",39167000,53573000,2019-03-01,"Positive"
"Puerto Rico","2019","02",6136000,71764000,"2019 Feb",65628000,77900000,2019-02-01,"Positive"
"Puerto Rico","2019","01",9031000,204140000,"2019 Jan",195109000,213171000,2019-01-01,"Positive"
"Puerto Rico","2018","12",20676000,139427000,"2018 Dec",118751000,160103000,2018-12-01,"Positive"
"Puerto Rico","2018","11",9178000,149396000,"2018 Nov",140218000,158574000,2018-11-01,"Positive"
"Puerto Rico","2018","10",25034000,170125000,"2018 Oct",145091000,195159000,2018-10-01,"Positive"
"Puerto Rico","2018","09",42813000,145807000,"2018 Sep",102994000,188620000,2018-09-01,"Positive"
"Puerto Rico","2018","08",15009000,146095000,"2018 Aug",131086000,161104000,2018-08-01,"Positive"
"Puerto Rico","2018","07",14819000,137007000,"2018 Jul",122188000,151826000,2018-07-01,"Positive"
"Puerto Rico","2018","06",55623000,111322000,"2018 Jun",55699000,166945000,2018-06-01,"Positive"
"Puerto Rico","2018","05",9779000,162590000,"2018 May",152811000,172369000,2018-05-01,"Positive"
"Puerto Rico","2018","04",58841000,141876000,"2018 Apr",83035000,200717000,2018-04-01,"Positive"
"Puerto Rico","2018","03",12842000,166517000,"2018 Mar",153675000,179359000,2018-03-01,"Positive"
"Puerto Rico","2018","02",6867000,67715000,"2018 Feb",60848000,74582000,2018-02-01,"Positive"
"Puerto Rico","2018","01",5020000,117288000,"2018 Jan",112268000,122308000,2018-01-01,"Positive"
"United States","2022","01",4494347000,5203721000,"2022 Jan",709374000,9698068000,2022-01-01,"Positive"
"United States","2021","12",5184086000,4684874000,"2021 Dec",-499212000,9868960000,2021-12-01,"Negative"
"United States","2021","11",4928752000,4604658000,"2021 Nov",-324094000,9533410000,2021-11-01,"Negative"
"United States","2021","10",4870712000,4433961000,"2021 Oct",-436751000,9304673000,2021-10-01,"Negative"
"United States","2021","09",4593607000,4361404000,"2021 Sep",-232203000,8955011000,2021-09-01,"Negative"
"United States","2021","08",4826352000,4240841000,"2021 Aug",-585511000,9067193000,2021-08-01,"Negative"
"United States","2021","07",4579501000,3923594000,"2021 Jul",-655907000,8503095000,2021-07-01,"Negative"
"United States","2021","06",4418947000,4191522000,"2021 Jun",-227425000,8610469000,2021-06-01,"Negative"
"United States","2021","05",4182550000,4520742000,"2021 May",338192000,8703292000,2021-05-01,"Positive"
"United States","2021","04",5035984000,4298002000,"2021 Apr",-737982000,9333986000,2021-04-01,"Negative"
"United States","2021","03",4466412000,4526456000,"2021 Mar",60044000,8992868000,2021-03-01,"Positive"
"United States","2021","02",3573937000,3789887000,"2021 Feb",215950000,7363824000,2021-02-01,"Positive"
"United States","2021","01",3688415000,3808376000,"2021 Jan",119961000,7496791000,2021-01-01,"Positive"
"United States","2020","12",3794181000,4720384000,"2020 Dec",926203000,8514565000,2020-12-01,"Positive"
"United States","2020","11",3535956000,4297062000,"2020 Nov",761106000,7833018000,2020-11-01,"Positive"
"United States","2020","10",4161758000,4051550000,"2020 Oct",-110208000,8213308000,2020-10-01,"Negative"
"United States","2020","09",3906548000,3842487000,"2020 Sep",-64061000,7749035000,2020-09-01,"Negative"
"United States","2020","08",3476117000,3846306000,"2020 Aug",370189000,7322423000,2020-08-01,"Positive"
"United States","2020","07",3815609000,5935191000,"2020 Jul",2119582000,9750800000,2020-07-01,"Positive"
"United States","2020","06",3825437000,4015195000,"2020 Jun",189758000,7840632000,2020-06-01,"Positive"
"United States","2020","05",3554966000,4933943000,"2020 May",1378977000,8488909000,2020-05-01,"Positive"
"United States","2020","04",4408653000,5439082000,"2020 Apr",1030429000,9847735000,2020-04-01,"Positive"
"United States","2020","03",5001588000,4782306000,"2020 Mar",-219282000,9783894000,2020-03-01,"Negative"
"United States","2020","02",4398257000,4258825000,"2020 Feb",-139432000,8657082000,2020-02-01,"Negative"
"United States","2020","01",4497881000,3929020000,"2020 Jan",-568861000,8426901000,2020-01-01,"Negative"
"United States","2019","12",4625198000,3812343000,"2019 Dec",-812855000,8437541000,2019-12-01,"Negative"
"United States","2019","11",5428504000,3919479000,"2019 Nov",-1509025000,9347983000,2019-11-01,"Negative"
"United States","2019","10",4850058000,3691126000,"2019 Oct",-1158932000,8541184000,2019-10-01,"Negative"
"United States","2019","09",4726796000,3484412000,"2019 Sep",-1242384000,8211208000,2019-09-01,"Negative"
"United States","2019","08",5362118000,3421681000,"2019 Aug",-1940437000,8783799000,2019-08-01,"Negative"
"United States","2019","07",5126322000,3941283000,"2019 Jul",-1185039000,9067605000,2019-07-01,"Negative"
"United States","2019","06",5125441000,3675278000,"2019 Jun",-1450163000,8800719000,2019-06-01,"Negative"
"United States","2019","05",4969192000,4329087000,"2019 May",-640105000,9298279000,2019-05-01,"Negative"
"United States","2019","04",5274993000,3749563000,"2019 Apr",-1525430000,9024556000,2019-04-01,"Negative"
"United States","2019","03",4925887000,4207990000,"2019 Mar",-717897000,9133877000,2019-03-01,"Negative"
"United States","2019","02",4506694000,3367504000,"2019 Feb",-1139190000,7874198000,2019-02-01,"Negative"
"United States","2019","01",4791359000,3711954000,"2019 Jan",-1079405000,8503313000,2019-01-01,"Negative"
"United States","2018","12",5077348000,3369012000,"2018 Dec",-1708336000,8446360000,2018-12-01,"Negative"
"United States","2018","11",5054970000,3478195000,"2018 Nov",-1576775000,8533165000,2018-11-01,"Negative"
"United States","2018","10",5659693000,3666970000,"2018 Oct",-1992723000,9326663000,2018-10-01,"Negative"
"United States","2018","09",4583269000,3622251000,"2018 Sep",-961018000,8205520000,2018-09-01,"Negative"
"United States","2018","08",5016788000,3669578000,"2018 Aug",-1347210000,8686366000,2018-08-01,"Negative"
"United States","2018","07",4782828000,3538551000,"2018 Jul",-1244277000,8321379000,2018-07-01,"Negative"
"United States","2018","06",5173021000,3390319000,"2018 Jun",-1782702000,8563340000,2018-06-01,"Negative"
"United States","2018","05",5017204000,3623879000,"2018 May",-1393325000,8641083000,2018-05-01,"Negative"
"United States","2018","04",4440040000,3394269000,"2018 Apr",-1045771000,7834309000,2018-04-01,"Negative"
"United States","2018","03",4669134000,3381573000,"2018 Mar",-1287561000,8050707000,2018-03-01,"Negative"
"United States","2018","02",3296954000,2980408000,"2018 Feb",-316546000,6277362000,2018-02-01,"Negative"
"United States","2018","01",3792726000,3230484000,"2018 Jan",-562242000,7023210000,2018-01-01,"Negative"
"Argentina","2022","01",9694000,21644000,"2022 Jan",11950000,31338000,2022-01-01,"Positive"
"Argentina","2021","12",11374000,20157000,"2021 Dec",8783000,31531000,2021-12-01,"Positive"
"Argentina","2021","11",6754000,14505000,"2021 Nov",7751000,21259000,2021-11-01,"Positive"
"Argentina","2021","10",4130000,19245000,"2021 Oct",15115000,23375000,2021-10-01,"Positive"
"Argentina","2021","09",6413000,14142000,"2021 Sep",7729000,20555000,2021-09-01,"Positive"
"Argentina","2021","08",3670000,30823000,"2021 Aug",27153000,34493000,2021-08-01,"Positive"
"Argentina","2021","07",5193000,15396000,"2021 Jul",10203000,20589000,2021-07-01,"Positive"
"Argentina","2021","06",5036000,14710000,"2021 Jun",9674000,19746000,2021-06-01,"Positive"
"Argentina","2021","05",4964000,12881000,"2021 May",7917000,17845000,2021-05-01,"Positive"
"Argentina","2021","04",8657000,9823000,"2021 Apr",1166000,18480000,2021-04-01,"Positive"
"Argentina","2021","03",3075000,27130000,"2021 Mar",24055000,30205000,2021-03-01,"Positive"
"Argentina","2021","02",2926000,25397000,"2021 Feb",22471000,28323000,2021-02-01,"Positive"
"Argentina","2021","01",21986000,15448000,"2021 Jan",-6538000,37434000,2021-01-01,"Negative"
"Argentina","2020","12",6324000,13991000,"2020 Dec",7667000,20315000,2020-12-01,"Positive"
"Argentina","2020","11",29741000,24262000,"2020 Nov",-5479000,54003000,2020-11-01,"Negative"
"Argentina","2020","10",5067000,24618000,"2020 Oct",19551000,29685000,2020-10-01,"Positive"
"Argentina","2020","09",3643000,19813000,"2020 Sep",16170000,23456000,2020-09-01,"Positive"
"Argentina","2020","08",5407000,18869000,"2020 Aug",13462000,24276000,2020-08-01,"Positive"
"Argentina","2020","07",33559000,22679000,"2020 Jul",-10880000,56238000,2020-07-01,"Negative"
"Argentina","2020","06",4426000,17948000,"2020 Jun",13522000,22374000,2020-06-01,"Positive"
"Argentina","2020","05",5059000,8026000,"2020 May",2967000,13085000,2020-05-01,"Positive"
"Argentina","2020","04",6489000,19985000,"2020 Apr",13496000,26474000,2020-04-01,"Positive"
"Argentina","2020","03",16477000,9210000,"2020 Mar",-7267000,25687000,2020-03-01,"Negative"
"Argentina","2020","02",3057000,14307000,"2020 Feb",11250000,17364000,2020-02-01,"Positive"
"Argentina","2020","01",6161000,21408000,"2020 Jan",15247000,27569000,2020-01-01,"Positive"
"Argentina","2019","12",3785000,9361000,"2019 Dec",5576000,13146000,2019-12-01,"Positive"
"Argentina","2019","11",5503000,11638000,"2019 Nov",6135000,17141000,2019-11-01,"Positive"
"Argentina","2019","10",6203000,21951000,"2019 Oct",15748000,28154000,2019-10-01,"Positive"
"Argentina","2019","09",3746000,12063000,"2019 Sep",8317000,15809000,2019-09-01,"Positive"
"Argentina","2019","08",7369000,15725000,"2019 Aug",8356000,23094000,2019-08-01,"Positive"
"Argentina","2019","07",8791000,16331000,"2019 Jul",7540000,25122000,2019-07-01,"Positive"
"Argentina","2019","06",7030000,23371000,"2019 Jun",16341000,30401000,2019-06-01,"Positive"
"Argentina","2019","05",5584000,17043000,"2019 May",11459000,22627000,2019-05-01,"Positive"
"Argentina","2019","04",14893000,16617000,"2019 Apr",1724000,31510000,2019-04-01,"Positive"
"Argentina","2019","03",6104000,13170000,"2019 Mar",7066000,19274000,2019-03-01,"Positive"
"Argentina","2019","02",8530000,8007000,"2019 Feb",-523000,16537000,2019-02-01,"Negative"
"Argentina","2019","01",13201000,13598000,"2019 Jan",397000,26799000,2019-01-01,"Positive"
"Argentina","2018","12",5942000,12313000,"2018 Dec",6371000,18255000,2018-12-01,"Positive"
"Argentina","2018","11",6629000,15500000,"2018 Nov",8871000,22129000,2018-11-01,"Positive"
"Argentina","2018","10",8012000,9918000,"2018 Oct",1906000,17930000,2018-10-01,"Positive"
"Argentina","2018","09",6391000,18606000,"2018 Sep",12215000,24997000,2018-09-01,"Positive"
"Argentina","2018","08",4847000,14172000,"2018 Aug",9325000,19019000,2018-08-01,"Positive"
"Argentina","2018","07",6447000,8491000,"2018 Jul",2044000,14938000,2018-07-01,"Positive"
"Argentina","2018","06",4632000,12941000,"2018 Jun",8309000,17573000,2018-06-01,"Positive"
"Argentina","2018","05",4170000,10741000,"2018 May",6571000,14911000,2018-05-01,"Positive"
"Argentina","2018","04",8350000,14092000,"2018 Apr",5742000,22442000,2018-04-01,"Positive"
"Argentina","2018","03",10047000,11123000,"2018 Mar",1076000,21170000,2018-03-01,"Positive"
"Argentina","2018","02",6624000,10584000,"2018 Feb",3960000,17208000,2018-02-01,"Positive"
"Argentina","2018","01",15006000,9563000,"2018 Jan",-5443000,24569000,2018-01-01,"Negative"
"Brazil","2022","01",794992000,241279000,"2022 Jan",-553713000,1036271000,2022-01-01,"Negative"
"Brazil","2021","12",340507000,213101000,"2021 Dec",-127406000,553608000,2021-12-01,"Negative"
"Brazil","2021","11",660963000,208240000,"2021 Nov",-452723000,869203000,2021-11-01,"Negative"
"Brazil","2021","10",671501000,189878000,"2021 Oct",-481623000,861379000,2021-10-01,"Negative"
"Brazil","2021","09",491662000,237400000,"2021 Sep",-254262000,729062000,2021-09-01,"Negative"
"Brazil","2021","08",464768000,222820000,"2021 Aug",-241948000,687588000,2021-08-01,"Negative"
"Brazil","2021","07",550466000,172383000,"2021 Jul",-378083000,722849000,2021-07-01,"Negative"
"Brazil","2021","06",481364000,148807000,"2021 Jun",-332557000,630171000,2021-06-01,"Negative"
"Brazil","2021","05",459091000,166752000,"2021 May",-292339000,625843000,2021-05-01,"Negative"
"Brazil","2021","04",572109000,182993000,"2021 Apr",-389116000,755102000,2021-04-01,"Negative"
"Brazil","2021","03",328849000,153024000,"2021 Mar",-175825000,481873000,2021-03-01,"Negative"
"Brazil","2021","02",173894000,135666000,"2021 Feb",-38228000,309560000,2021-02-01,"Negative"
"Brazil","2021","01",2.83e+08,133207000,"2021 Jan",-149793000,416207000,2021-01-01,"Negative"
"Brazil","2020","12",304498000,123050000,"2020 Dec",-181448000,427548000,2020-12-01,"Negative"
"Brazil","2020","11",302065000,120289000,"2020 Nov",-181776000,422354000,2020-11-01,"Negative"
"Brazil","2020","10",153734000,164933000,"2020 Oct",11199000,318667000,2020-10-01,"Positive"
"Brazil","2020","09",510784000,153143000,"2020 Sep",-357641000,663927000,2020-09-01,"Negative"
"Brazil","2020","08",204266000,151182000,"2020 Aug",-53084000,355448000,2020-08-01,"Negative"
"Brazil","2020","07",190282000,155958000,"2020 Jul",-34324000,346240000,2020-07-01,"Negative"
"Brazil","2020","06",418057000,155885000,"2020 Jun",-262172000,573942000,2020-06-01,"Negative"
"Brazil","2020","05",288817000,148795000,"2020 May",-140022000,437612000,2020-05-01,"Negative"
"Brazil","2020","04",237606000,118918000,"2020 Apr",-118688000,356524000,2020-04-01,"Negative"
"Brazil","2020","03",310852000,155337000,"2020 Mar",-155515000,466189000,2020-03-01,"Negative"
"Brazil","2020","02",331188000,148178000,"2020 Feb",-183010000,479366000,2020-02-01,"Negative"
"Brazil","2020","01",404695000,140481000,"2020 Jan",-264214000,545176000,2020-01-01,"Negative"
"Brazil","2019","12",164221000,124575000,"2019 Dec",-39646000,288796000,2019-12-01,"Negative"
"Brazil","2019","11",240523000,150256000,"2019 Nov",-90267000,390779000,2019-11-01,"Negative"
"Brazil","2019","10",273151000,140311000,"2019 Oct",-132840000,413462000,2019-10-01,"Negative"
"Brazil","2019","09",197231000,169033000,"2019 Sep",-28198000,366264000,2019-09-01,"Negative"
"Brazil","2019","08",177969000,197735000,"2019 Aug",19766000,375704000,2019-08-01,"Positive"
"Brazil","2019","07",193820000,158823000,"2019 Jul",-34997000,352643000,2019-07-01,"Negative"
"Brazil","2019","06",157826000,138812000,"2019 Jun",-19014000,296638000,2019-06-01,"Negative"
"Brazil","2019","05",143115000,150611000,"2019 May",7496000,293726000,2019-05-01,"Positive"
"Brazil","2019","04",159314000,126235000,"2019 Apr",-33079000,285549000,2019-04-01,"Negative"
"Brazil","2019","03",79386000,140679000,"2019 Mar",61293000,220065000,2019-03-01,"Positive"
"Brazil","2019","02",125943000,133785000,"2019 Feb",7842000,259728000,2019-02-01,"Positive"
"Brazil","2019","01",95180000,184489000,"2019 Jan",89309000,279669000,2019-01-01,"Positive"
"Brazil","2018","12",205895000,100763000,"2018 Dec",-105132000,306658000,2018-12-01,"Negative"
"Brazil","2018","11",199913000,122283000,"2018 Nov",-77630000,322196000,2018-11-01,"Negative"
"Brazil","2018","10",203601000,165612000,"2018 Oct",-37989000,369213000,2018-10-01,"Negative"
"Brazil","2018","09",194263000,136865000,"2018 Sep",-57398000,331128000,2018-09-01,"Negative"
"Brazil","2018","08",222673000,169953000,"2018 Aug",-52720000,392626000,2018-08-01,"Negative"
"Brazil","2018","07",167473000,146580000,"2018 Jul",-20893000,314053000,2018-07-01,"Negative"
"Brazil","2018","06",140217000,120237000,"2018 Jun",-19980000,260454000,2018-06-01,"Negative"
"Brazil","2018","05",88592000,141053000,"2018 May",52461000,229645000,2018-05-01,"Positive"
"Brazil","2018","04",191870000,139526000,"2018 Apr",-52344000,331396000,2018-04-01,"Negative"
"Brazil","2018","03",137026000,120952000,"2018 Mar",-16074000,257978000,2018-03-01,"Negative"
"Brazil","2018","02",150650000,106794000,"2018 Feb",-43856000,257444000,2018-02-01,"Negative"
"Brazil","2018","01",196937000,96032000,"2018 Jan",-100905000,292969000,2018-01-01,"Negative"
"Chile","2022","01",8949000,44153000,"2022 Jan",35204000,53102000,2022-01-01,"Positive"
"Chile","2021","12",14408000,11418000,"2021 Dec",-2990000,25826000,2021-12-01,"Negative"
"Chile","2021","11",5380000,8008000,"2021 Nov",2628000,13388000,2021-11-01,"Positive"
"Chile","2021","10",7369000,9500000,"2021 Oct",2131000,16869000,2021-10-01,"Positive"
"Chile","2021","09",4344000,8571000,"2021 Sep",4227000,12915000,2021-09-01,"Positive"
"Chile","2021","08",3087000,7373000,"2021 Aug",4286000,10460000,2021-08-01,"Positive"
"Chile","2021","07",18933000,8260000,"2021 Jul",-10673000,27193000,2021-07-01,"Negative"
"Chile","2021","06",8616000,9418000,"2021 Jun",802000,18034000,2021-06-01,"Positive"
"Chile","2021","05",7156000,9304000,"2021 May",2148000,16460000,2021-05-01,"Positive"
"Chile","2021","04",37332000,8803000,"2021 Apr",-28529000,46135000,2021-04-01,"Negative"
"Chile","2021","03",9915000,11969000,"2021 Mar",2054000,21884000,2021-03-01,"Positive"
"Chile","2021","02",6544000,10479000,"2021 Feb",3935000,17023000,2021-02-01,"Positive"
"Chile","2021","01",7883000,37295000,"2021 Jan",29412000,45178000,2021-01-01,"Positive"
"Chile","2020","12",6539000,9352000,"2020 Dec",2813000,15891000,2020-12-01,"Positive"
"Chile","2020","11",4778000,39681000,"2020 Nov",34903000,44459000,2020-11-01,"Positive"
"Chile","2020","10",5624000,8325000,"2020 Oct",2701000,13949000,2020-10-01,"Positive"
"Chile","2020","09",6447000,8011000,"2020 Sep",1564000,14458000,2020-09-01,"Positive"
"Chile","2020","08",4721000,9114000,"2020 Aug",4393000,13835000,2020-08-01,"Positive"
"Chile","2020","07",5680000,7410000,"2020 Jul",1730000,13090000,2020-07-01,"Positive"
"Chile","2020","06",6004000,45535000,"2020 Jun",39531000,51539000,2020-06-01,"Positive"
"Chile","2020","05",4981000,17493000,"2020 May",12512000,22474000,2020-05-01,"Positive"
"Chile","2020","04",4545000,41143000,"2020 Apr",36598000,45688000,2020-04-01,"Positive"
"Chile","2020","03",6774000,7821000,"2020 Mar",1047000,14595000,2020-03-01,"Positive"
"Chile","2020","02",7339000,7761000,"2020 Feb",422000,15100000,2020-02-01,"Positive"
"Chile","2020","01",7693000,7662000,"2020 Jan",-31000,15355000,2020-01-01,"Negative"
"Chile","2019","12",5436000,44977000,"2019 Dec",39541000,50413000,2019-12-01,"Positive"
"Chile","2019","11",3932000,10514000,"2019 Nov",6582000,14446000,2019-11-01,"Positive"
"Chile","2019","10",7187000,10588000,"2019 Oct",3401000,17775000,2019-10-01,"Positive"
"Chile","2019","09",6784000,12560000,"2019 Sep",5776000,19344000,2019-09-01,"Positive"
"Chile","2019","08",5116000,9107000,"2019 Aug",3991000,14223000,2019-08-01,"Positive"
"Chile","2019","07",7288000,12517000,"2019 Jul",5229000,19805000,2019-07-01,"Positive"
"Chile","2019","06",7034000,7455000,"2019 Jun",421000,14489000,2019-06-01,"Positive"
"Chile","2019","05",6371000,9247000,"2019 May",2876000,15618000,2019-05-01,"Positive"
"Chile","2019","04",5631000,11489000,"2019 Apr",5858000,17120000,2019-04-01,"Positive"
"Chile","2019","03",5472000,6184000,"2019 Mar",712000,11656000,2019-03-01,"Positive"
"Chile","2019","02",9215000,5726000,"2019 Feb",-3489000,14941000,2019-02-01,"Negative"
"Chile","2019","01",13145000,6511000,"2019 Jan",-6634000,19656000,2019-01-01,"Negative"
"Chile","2018","12",43415000,9693000,"2018 Dec",-33722000,53108000,2018-12-01,"Negative"
"Chile","2018","11",8072000,7015000,"2018 Nov",-1057000,15087000,2018-11-01,"Negative"
"Chile","2018","10",8707000,12681000,"2018 Oct",3974000,21388000,2018-10-01,"Positive"
"Chile","2018","09",4631000,6727000,"2018 Sep",2096000,11358000,2018-09-01,"Positive"
"Chile","2018","08",5140000,6896000,"2018 Aug",1756000,12036000,2018-08-01,"Positive"
"Chile","2018","07",6046000,14521000,"2018 Jul",8475000,20567000,2018-07-01,"Positive"
"Chile","2018","06",6137000,7719000,"2018 Jun",1582000,13856000,2018-06-01,"Positive"
"Chile","2018","05",4825000,6216000,"2018 May",1391000,11041000,2018-05-01,"Positive"
"Chile","2018","04",6400000,8686000,"2018 Apr",2286000,15086000,2018-04-01,"Positive"
"Chile","2018","03",6048000,9807000,"2018 Mar",3759000,15855000,2018-03-01,"Positive"
"Chile","2018","02",7305000,12096000,"2018 Feb",4791000,19401000,2018-02-01,"Positive"
"Chile","2018","01",15837000,8256000,"2018 Jan",-7581000,24093000,2018-01-01,"Negative"
"Colombia","2022","01",87646000,12948000,"2022 Jan",-74698000,100594000,2022-01-01,"Negative"
"Colombia","2021","12",6265000,17770000,"2021 Dec",11505000,24035000,2021-12-01,"Positive"
"Colombia","2021","11",36366000,10298000,"2021 Nov",-26068000,46664000,2021-11-01,"Negative"
"Colombia","2021","10",2220000,9976000,"2021 Oct",7756000,12196000,2021-10-01,"Positive"
"Colombia","2021","09",39770000,8408000,"2021 Sep",-31362000,48178000,2021-09-01,"Negative"
"Colombia","2021","08",2326000,14789000,"2021 Aug",12463000,17115000,2021-08-01,"Positive"
"Colombia","2021","07",49029000,9625000,"2021 Jul",-39404000,58654000,2021-07-01,"Negative"
"Colombia","2021","06",45251000,11034000,"2021 Jun",-34217000,56285000,2021-06-01,"Negative"
"Colombia","2021","05",1941000,8745000,"2021 May",6804000,10686000,2021-05-01,"Positive"
"Colombia","2021","04",5433000,9633000,"2021 Apr",4200000,15066000,2021-04-01,"Positive"
"Colombia","2021","03",1735000,12873000,"2021 Mar",11138000,14608000,2021-03-01,"Positive"
"Colombia","2021","02",4584000,6364000,"2021 Feb",1780000,10948000,2021-02-01,"Positive"
"Colombia","2021","01",3456000,8665000,"2021 Jan",5209000,12121000,2021-01-01,"Positive"
"Colombia","2020","12",114772000,5912000,"2020 Dec",-108860000,120684000,2020-12-01,"Negative"
"Colombia","2020","11",5337000,8180000,"2020 Nov",2843000,13517000,2020-11-01,"Positive"
"Colombia","2020","10",2535000,7973000,"2020 Oct",5438000,10508000,2020-10-01,"Positive"
"Colombia","2020","09",1522000,6980000,"2020 Sep",5458000,8502000,2020-09-01,"Positive"
"Colombia","2020","08",667000,7655000,"2020 Aug",6988000,8322000,2020-08-01,"Positive"
"Colombia","2020","07",8215000,6075000,"2020 Jul",-2140000,14290000,2020-07-01,"Negative"
"Colombia","2020","06",1468000,9394000,"2020 Jun",7926000,10862000,2020-06-01,"Positive"
"Colombia","2020","05",8573000,6001000,"2020 May",-2572000,14574000,2020-05-01,"Negative"
"Colombia","2020","04",2934000,8058000,"2020 Apr",5124000,10992000,2020-04-01,"Positive"
"Colombia","2020","03",4391000,11027000,"2020 Mar",6636000,15418000,2020-03-01,"Positive"
"Colombia","2020","02",886000,10956000,"2020 Feb",10070000,11842000,2020-02-01,"Positive"
"Colombia","2020","01",33246000,7089000,"2020 Jan",-26157000,40335000,2020-01-01,"Negative"
"Colombia","2019","12",61220000,11657000,"2019 Dec",-49563000,72877000,2019-12-01,"Negative"
"Colombia","2019","11",1422000,18540000,"2019 Nov",17118000,19962000,2019-11-01,"Positive"
"Colombia","2019","10",1547000,11544000,"2019 Oct",9997000,13091000,2019-10-01,"Positive"
"Colombia","2019","09",1370000,9816000,"2019 Sep",8446000,11186000,2019-09-01,"Positive"
"Colombia","2019","08",1252000,9299000,"2019 Aug",8047000,10551000,2019-08-01,"Positive"
"Colombia","2019","07",31557000,12218000,"2019 Jul",-19339000,43775000,2019-07-01,"Negative"
"Colombia","2019","06",894000,9987000,"2019 Jun",9093000,10881000,2019-06-01,"Positive"
"Colombia","2019","05",1459000,11289000,"2019 May",9830000,12748000,2019-05-01,"Positive"
"Colombia","2019","04",1299000,11672000,"2019 Apr",10373000,12971000,2019-04-01,"Positive"
"Colombia","2019","03",1305000,11269000,"2019 Mar",9964000,12574000,2019-03-01,"Positive"
"Colombia","2019","02",62075000,18461000,"2019 Feb",-43614000,80536000,2019-02-01,"Negative"
"Colombia","2019","01",52328000,11883000,"2019 Jan",-40445000,64211000,2019-01-01,"Negative"
"Colombia","2018","12",119145000,12328000,"2018 Dec",-106817000,131473000,2018-12-01,"Negative"
"Colombia","2018","11",92712000,23970000,"2018 Nov",-68742000,116682000,2018-11-01,"Negative"
"Colombia","2018","10",1576000,10897000,"2018 Oct",9321000,12473000,2018-10-01,"Positive"
"Colombia","2018","09",63963000,10552000,"2018 Sep",-53411000,74515000,2018-09-01,"Negative"
"Colombia","2018","08",23391000,26636000,"2018 Aug",3245000,50027000,2018-08-01,"Positive"
"Colombia","2018","07",92971000,51415000,"2018 Jul",-41556000,144386000,2018-07-01,"Negative"
"Colombia","2018","06",1316000,9175000,"2018 Jun",7859000,10491000,2018-06-01,"Positive"
"Colombia","2018","05",59478000,8645000,"2018 May",-50833000,68123000,2018-05-01,"Negative"
"Colombia","2018","04",1398000,9591000,"2018 Apr",8193000,10989000,2018-04-01,"Positive"
"Colombia","2018","03",896000,10156000,"2018 Mar",9260000,11052000,2018-03-01,"Positive"
"Colombia","2018","02",105618000,11220000,"2018 Feb",-94398000,116838000,2018-02-01,"Negative"
"Colombia","2018","01",55215000,10043000,"2018 Jan",-45172000,65258000,2018-01-01,"Negative"
"Ecuador","2022","01",17491000,6781000,"2022 Jan",-10710000,24272000,2022-01-01,"Negative"
"Ecuador","2021","12",6297000,35531000,"2021 Dec",29234000,41828000,2021-12-01,"Positive"
"Ecuador","2021","11",4453000,40022000,"2021 Nov",35569000,44475000,2021-11-01,"Positive"
"Ecuador","2021","10",3919000,7273000,"2021 Oct",3354000,11192000,2021-10-01,"Positive"
"Ecuador","2021","09",3749000,4676000,"2021 Sep",927000,8425000,2021-09-01,"Positive"
"Ecuador","2021","08",2676000,4689000,"2021 Aug",2013000,7365000,2021-08-01,"Positive"
"Ecuador","2021","07",50099000,8489000,"2021 Jul",-41610000,58588000,2021-07-01,"Negative"
"Ecuador","2021","06",1103000,4785000,"2021 Jun",3682000,5888000,2021-06-01,"Positive"
"Ecuador","2021","05",27077000,4955000,"2021 May",-22122000,32032000,2021-05-01,"Negative"
"Ecuador","2021","04",2163000,4006000,"2021 Apr",1843000,6169000,2021-04-01,"Positive"
"Ecuador","2021","03",3410000,4695000,"2021 Mar",1285000,8105000,2021-03-01,"Positive"
"Ecuador","2021","02",2436000,6047000,"2021 Feb",3611000,8483000,2021-02-01,"Positive"
"Ecuador","2021","01",3056000,4126000,"2021 Jan",1070000,7182000,2021-01-01,"Positive"
"Ecuador","2020","12",3436000,2958000,"2020 Dec",-478000,6394000,2020-12-01,"Negative"
"Ecuador","2020","11",5098000,5051000,"2020 Nov",-47000,10149000,2020-11-01,"Negative"
"Ecuador","2020","10",4093000,23623000,"2020 Oct",19530000,27716000,2020-10-01,"Positive"
"Ecuador","2020","09",1945000,5932000,"2020 Sep",3987000,7877000,2020-09-01,"Positive"
"Ecuador","2020","08",4220000,5163000,"2020 Aug",943000,9383000,2020-08-01,"Positive"
"Ecuador","2020","07",2131000,2188000,"2020 Jul",57000,4319000,2020-07-01,"Positive"
"Ecuador","2020","06",2190000,4438000,"2020 Jun",2248000,6628000,2020-06-01,"Positive"
"Ecuador","2020","05",1565000,3799000,"2020 May",2234000,5364000,2020-05-01,"Positive"
"Ecuador","2020","04",1581000,5059000,"2020 Apr",3478000,6640000,2020-04-01,"Positive"
"Ecuador","2020","03",4232000,3880000,"2020 Mar",-352000,8112000,2020-03-01,"Negative"
"Ecuador","2020","02",2353000,4424000,"2020 Feb",2071000,6777000,2020-02-01,"Positive"
"Ecuador","2020","01",2066000,5009000,"2020 Jan",2943000,7075000,2020-01-01,"Positive"
"Ecuador","2019","12",3022000,3451000,"2019 Dec",429000,6473000,2019-12-01,"Positive"
"Ecuador","2019","11",2535000,10809000,"2019 Nov",8274000,13344000,2019-11-01,"Positive"
"Ecuador","2019","10",1037000,5133000,"2019 Oct",4096000,6170000,2019-10-01,"Positive"
"Ecuador","2019","09",762000,6938000,"2019 Sep",6176000,7700000,2019-09-01,"Positive"
"Ecuador","2019","08",983000,13751000,"2019 Aug",12768000,14734000,2019-08-01,"Positive"
"Ecuador","2019","07",1186000,11037000,"2019 Jul",9851000,12223000,2019-07-01,"Positive"
"Ecuador","2019","06",961000,6252000,"2019 Jun",5291000,7213000,2019-06-01,"Positive"
"Ecuador","2019","05",2211000,12836000,"2019 May",10625000,15047000,2019-05-01,"Positive"
"Ecuador","2019","04",2724000,12303000,"2019 Apr",9579000,15027000,2019-04-01,"Positive"
"Ecuador","2019","03",1284000,7724000,"2019 Mar",6440000,9008000,2019-03-01,"Positive"
"Ecuador","2019","02",2456000,8830000,"2019 Feb",6374000,11286000,2019-02-01,"Positive"
"Ecuador","2019","01",2354000,7854000,"2019 Jan",5500000,10208000,2019-01-01,"Positive"
"Ecuador","2018","12",1292000,11153000,"2018 Dec",9861000,12445000,2018-12-01,"Positive"
"Ecuador","2018","11",1099000,9332000,"2018 Nov",8233000,10431000,2018-11-01,"Positive"
"Ecuador","2018","10",1407000,11928000,"2018 Oct",10521000,13335000,2018-10-01,"Positive"
"Ecuador","2018","09",2433000,11809000,"2018 Sep",9376000,14242000,2018-09-01,"Positive"
"Ecuador","2018","08",2380000,9606000,"2018 Aug",7226000,11986000,2018-08-01,"Positive"
"Ecuador","2018","07",3733000,10778000,"2018 Jul",7045000,14511000,2018-07-01,"Positive"
"Ecuador","2018","06",2175000,8528000,"2018 Jun",6353000,10703000,2018-06-01,"Positive"
"Ecuador","2018","05",1270000,6900000,"2018 May",5630000,8170000,2018-05-01,"Positive"
"Ecuador","2018","04",652000,8030000,"2018 Apr",7378000,8682000,2018-04-01,"Positive"
"Ecuador","2018","03",893000,7548000,"2018 Mar",6655000,8441000,2018-03-01,"Positive"
"Ecuador","2018","02",877000,5150000,"2018 Feb",4273000,6027000,2018-02-01,"Positive"
"Ecuador","2018","01",1152000,5270000,"2018 Jan",4118000,6422000,2018-01-01,"Positive"
"Mexico","2022","01",201729000,212582000,"2022 Jan",10853000,414311000,2022-01-01,"Positive"
"Mexico","2021","12",435468000,249178000,"2021 Dec",-186290000,684646000,2021-12-01,"Negative"
"Mexico","2021","11",271087000,191192000,"2021 Nov",-79895000,462279000,2021-11-01,"Negative"
"Mexico","2021","10",266843000,208634000,"2021 Oct",-58209000,475477000,2021-10-01,"Negative"
"Mexico","2021","09",228508000,218560000,"2021 Sep",-9948000,447068000,2021-09-01,"Negative"
"Mexico","2021","08",218577000,233421000,"2021 Aug",14844000,451998000,2021-08-01,"Positive"
"Mexico","2021","07",263102000,209944000,"2021 Jul",-53158000,473046000,2021-07-01,"Negative"
"Mexico","2021","06",290019000,160101000,"2021 Jun",-129918000,450120000,2021-06-01,"Negative"
"Mexico","2021","05",301806000,144758000,"2021 May",-157048000,446564000,2021-05-01,"Negative"
"Mexico","2021","04",301539000,159720000,"2021 Apr",-141819000,461259000,2021-04-01,"Negative"
"Mexico","2021","03",281681000,165516000,"2021 Mar",-116165000,447197000,2021-03-01,"Negative"
"Mexico","2021","02",206715000,110962000,"2021 Feb",-95753000,317677000,2021-02-01,"Negative"
"Mexico","2021","01",276223000,131358000,"2021 Jan",-144865000,407581000,2021-01-01,"Negative"
"Mexico","2020","12",217586000,142122000,"2020 Dec",-75464000,359708000,2020-12-01,"Negative"
"Mexico","2020","11",356379000,119971000,"2020 Nov",-236408000,476350000,2020-11-01,"Negative"
"Mexico","2020","10",327607000,162314000,"2020 Oct",-165293000,489921000,2020-10-01,"Negative"
"Mexico","2020","09",300973000,146966000,"2020 Sep",-154007000,447939000,2020-09-01,"Negative"
"Mexico","2020","08",249672000,147966000,"2020 Aug",-101706000,397638000,2020-08-01,"Negative"
"Mexico","2020","07",262102000,165632000,"2020 Jul",-96470000,427734000,2020-07-01,"Negative"
"Mexico","2020","06",221919000,125643000,"2020 Jun",-96276000,347562000,2020-06-01,"Negative"
"Mexico","2020","05",213546000,108984000,"2020 May",-104562000,322530000,2020-05-01,"Negative"
"Mexico","2020","04",225541000,164619000,"2020 Apr",-60922000,390160000,2020-04-01,"Negative"
"Mexico","2020","03",266785000,209119000,"2020 Mar",-57666000,475904000,2020-03-01,"Negative"
"Mexico","2020","02",240158000,142174000,"2020 Feb",-97984000,382332000,2020-02-01,"Negative"
"Mexico","2020","01",276701000,133156000,"2020 Jan",-143545000,409857000,2020-01-01,"Negative"
"Mexico","2019","12",538349000,132499000,"2019 Dec",-405850000,670848000,2019-12-01,"Negative"
"Mexico","2019","11",267058000,150497000,"2019 Nov",-116561000,417555000,2019-11-01,"Negative"
"Mexico","2019","10",279205000,185124000,"2019 Oct",-94081000,464329000,2019-10-01,"Negative"
"Mexico","2019","09",265319000,165753000,"2019 Sep",-99566000,431072000,2019-09-01,"Negative"
"Mexico","2019","08",327695000,176862000,"2019 Aug",-150833000,504557000,2019-08-01,"Negative"
"Mexico","2019","07",288105000,181901000,"2019 Jul",-106204000,470006000,2019-07-01,"Negative"
"Mexico","2019","06",241869000,177217000,"2019 Jun",-64652000,419086000,2019-06-01,"Negative"
"Mexico","2019","05",323641000,180107000,"2019 May",-143534000,503748000,2019-05-01,"Negative"
"Mexico","2019","04",242777000,171142000,"2019 Apr",-71635000,413919000,2019-04-01,"Negative"
"Mexico","2019","03",271667000,152231000,"2019 Mar",-119436000,423898000,2019-03-01,"Negative"
"Mexico","2019","02",245656000,108947000,"2019 Feb",-136709000,354603000,2019-02-01,"Negative"
"Mexico","2019","01",247444000,149619000,"2019 Jan",-97825000,397063000,2019-01-01,"Negative"
"Mexico","2018","12",326754000,130346000,"2018 Dec",-196408000,457100000,2018-12-01,"Negative"
"Mexico","2018","11",290490000,119489000,"2018 Nov",-171001000,409979000,2018-11-01,"Negative"
"Mexico","2018","10",242976000,123413000,"2018 Oct",-119563000,366389000,2018-10-01,"Negative"
"Mexico","2018","09",241560000,140781000,"2018 Sep",-100779000,382341000,2018-09-01,"Negative"
"Mexico","2018","08",289107000,197951000,"2018 Aug",-91156000,487058000,2018-08-01,"Negative"
"Mexico","2018","07",262096000,170042000,"2018 Jul",-92054000,432138000,2018-07-01,"Negative"
"Mexico","2018","06",243695000,116161000,"2018 Jun",-127534000,359856000,2018-06-01,"Negative"
"Mexico","2018","05",255503000,135856000,"2018 May",-119647000,391359000,2018-05-01,"Negative"
"Mexico","2018","04",220959000,120866000,"2018 Apr",-100093000,341825000,2018-04-01,"Negative"
"Mexico","2018","03",267315000,128888000,"2018 Mar",-138427000,396203000,2018-03-01,"Negative"
"Mexico","2018","02",257469000,80103000,"2018 Feb",-177366000,337572000,2018-02-01,"Negative"
"Mexico","2018","01",268842000,91426000,"2018 Jan",-177416000,360268000,2018-01-01,"Negative"
"Paraguay","2022","01",172000,1677000,"2022 Jan",1505000,1849000,2022-01-01,"Positive"
"Paraguay","2021","12",341000,713000,"2021 Dec",372000,1054000,2021-12-01,"Positive"
"Paraguay","2021","11",185000,1007000,"2021 Nov",822000,1192000,2021-11-01,"Positive"
"Paraguay","2021","10",464000,726000,"2021 Oct",262000,1190000,2021-10-01,"Positive"
"Paraguay","2021","09",550000,148000,"2021 Sep",-402000,698000,2021-09-01,"Negative"
"Paraguay","2021","08",663000,443000,"2021 Aug",-220000,1106000,2021-08-01,"Negative"
"Paraguay","2021","07",327000,664000,"2021 Jul",337000,991000,2021-07-01,"Positive"
"Paraguay","2021","06",396000,429000,"2021 Jun",33000,825000,2021-06-01,"Positive"
"Paraguay","2021","05",232000,371000,"2021 May",139000,603000,2021-05-01,"Positive"
"Paraguay","2021","04",402000,1663000,"2021 Apr",1261000,2065000,2021-04-01,"Positive"
"Paraguay","2021","03",291000,385000,"2021 Mar",94000,676000,2021-03-01,"Positive"
"Paraguay","2021","02",34000,457000,"2021 Feb",423000,491000,2021-02-01,"Positive"
"Paraguay","2021","01",359000,484000,"2021 Jan",125000,843000,2021-01-01,"Positive"
"Paraguay","2020","12",127000,2166000,"2020 Dec",2039000,2293000,2020-12-01,"Positive"
"Paraguay","2020","11",66000,6e+05,"2020 Nov",534000,666000,2020-11-01,"Positive"
"Paraguay","2020","10",134000,445000,"2020 Oct",311000,579000,2020-10-01,"Positive"
"Paraguay","2020","09",215000,1032000,"2020 Sep",817000,1247000,2020-09-01,"Positive"
"Paraguay","2020","08",102000,985000,"2020 Aug",883000,1087000,2020-08-01,"Positive"
"Paraguay","2020","07",126000,411000,"2020 Jul",285000,537000,2020-07-01,"Positive"
"Paraguay","2020","06",169000,233000,"2020 Jun",64000,402000,2020-06-01,"Positive"
"Paraguay","2020","05",47000,955000,"2020 May",908000,1002000,2020-05-01,"Positive"
"Paraguay","2020","04",4000,308000,"2020 Apr",304000,312000,2020-04-01,"Positive"
"Paraguay","2020","03",190000,194000,"2020 Mar",4000,384000,2020-03-01,"Positive"
"Paraguay","2020","02",132000,809000,"2020 Feb",677000,941000,2020-02-01,"Positive"
"Paraguay","2020","01",96000,306000,"2020 Jan",210000,402000,2020-01-01,"Positive"
"Paraguay","2019","12",111000,298000,"2019 Dec",187000,409000,2019-12-01,"Positive"
"Paraguay","2019","11",164000,1022000,"2019 Nov",858000,1186000,2019-11-01,"Positive"
"Paraguay","2019","10",115000,616000,"2019 Oct",501000,731000,2019-10-01,"Positive"
"Paraguay","2019","09",93000,327000,"2019 Sep",234000,420000,2019-09-01,"Positive"
"Paraguay","2019","08",158000,738000,"2019 Aug",580000,896000,2019-08-01,"Positive"
"Paraguay","2019","07",89000,554000,"2019 Jul",465000,643000,2019-07-01,"Positive"
"Paraguay","2019","06",50000,286000,"2019 Jun",236000,336000,2019-06-01,"Positive"
"Paraguay","2019","05",77000,145000,"2019 May",68000,222000,2019-05-01,"Positive"
"Paraguay","2019","04",118000,514000,"2019 Apr",396000,632000,2019-04-01,"Positive"
"Paraguay","2019","03",61000,1023000,"2019 Mar",962000,1084000,2019-03-01,"Positive"
"Paraguay","2019","02",131000,398000,"2019 Feb",267000,529000,2019-02-01,"Positive"
"Paraguay","2019","01",69000,360000,"2019 Jan",291000,429000,2019-01-01,"Positive"
"Paraguay","2018","12",6000,229000,"2018 Dec",223000,235000,2018-12-01,"Positive"
"Paraguay","2018","11",151000,777000,"2018 Nov",626000,928000,2018-11-01,"Positive"
"Paraguay","2018","10",9000,610000,"2018 Oct",601000,619000,2018-10-01,"Positive"
"Paraguay","2018","09",253000,970000,"2018 Sep",717000,1223000,2018-09-01,"Positive"
"Paraguay","2018","08",92000,709000,"2018 Aug",617000,801000,2018-08-01,"Positive"
"Paraguay","2018","07",166000,437000,"2018 Jul",271000,603000,2018-07-01,"Positive"
"Paraguay","2018","06",115000,499000,"2018 Jun",384000,614000,2018-06-01,"Positive"
"Paraguay","2018","05",180000,362000,"2018 May",182000,542000,2018-05-01,"Positive"
"Paraguay","2018","04",321000,661000,"2018 Apr",340000,982000,2018-04-01,"Positive"
"Paraguay","2018","03",336000,633000,"2018 Mar",297000,969000,2018-03-01,"Positive"
"Paraguay","2018","02",358000,162000,"2018 Feb",-196000,520000,2018-02-01,"Negative"
"Paraguay","2018","01",254000,522000,"2018 Jan",268000,776000,2018-01-01,"Positive"
"Peru","2022","01",1656000,8443000,"2022 Jan",6787000,10099000,2022-01-01,"Positive"
"Peru","2021","12",3061000,11564000,"2021 Dec",8503000,14625000,2021-12-01,"Positive"
"Peru","2021","11",1570000,12624000,"2021 Nov",11054000,14194000,2021-11-01,"Positive"
"Peru","2021","10",1279000,7368000,"2021 Oct",6089000,8647000,2021-10-01,"Positive"
"Peru","2021","09",898000,8286000,"2021 Sep",7388000,9184000,2021-09-01,"Positive"
"Peru","2021","08",946000,11184000,"2021 Aug",10238000,12130000,2021-08-01,"Positive"
"Peru","2021","07",5178000,8858000,"2021 Jul",3680000,14036000,2021-07-01,"Positive"
"Peru","2021","06",2167000,7252000,"2021 Jun",5085000,9419000,2021-06-01,"Positive"
"Peru","2021","05",1527000,6540000,"2021 May",5013000,8067000,2021-05-01,"Positive"
"Peru","2021","04",1088000,4768000,"2021 Apr",3680000,5856000,2021-04-01,"Positive"
"Peru","2021","03",1386000,8272000,"2021 Mar",6886000,9658000,2021-03-01,"Positive"
"Peru","2021","02",1472000,5422000,"2021 Feb",3950000,6894000,2021-02-01,"Positive"
"Peru","2021","01",1340000,6264000,"2021 Jan",4924000,7604000,2021-01-01,"Positive"
"Peru","2020","12",3387000,6953000,"2020 Dec",3566000,10340000,2020-12-01,"Positive"
"Peru","2020","11",5008000,9320000,"2020 Nov",4312000,14328000,2020-11-01,"Positive"
"Peru","2020","10",9386000,16089000,"2020 Oct",6703000,25475000,2020-10-01,"Positive"
"Peru","2020","09",12164000,4889000,"2020 Sep",-7275000,17053000,2020-09-01,"Negative"
"Peru","2020","08",3067000,5884000,"2020 Aug",2817000,8951000,2020-08-01,"Positive"
"Peru","2020","07",2521000,5655000,"2020 Jul",3134000,8176000,2020-07-01,"Positive"
"Peru","2020","06",1455000,7489000,"2020 Jun",6034000,8944000,2020-06-01,"Positive"
"Peru","2020","05",981000,7726000,"2020 May",6745000,8707000,2020-05-01,"Positive"
"Peru","2020","04",2908000,5264000,"2020 Apr",2356000,8172000,2020-04-01,"Positive"
"Peru","2020","03",1935000,6874000,"2020 Mar",4939000,8809000,2020-03-01,"Positive"
"Peru","2020","02",2485000,7514000,"2020 Feb",5029000,9999000,2020-02-01,"Positive"
"Peru","2020","01",3375000,6536000,"2020 Jan",3161000,9911000,2020-01-01,"Positive"
"Peru","2019","12",3560000,5727000,"2019 Dec",2167000,9287000,2019-12-01,"Positive"
"Peru","2019","11",4123000,5532000,"2019 Nov",1409000,9655000,2019-11-01,"Positive"
"Peru","2019","10",3006000,5991000,"2019 Oct",2985000,8997000,2019-10-01,"Positive"
"Peru","2019","09",1319000,5903000,"2019 Sep",4584000,7222000,2019-09-01,"Positive"
"Peru","2019","08",2290000,5220000,"2019 Aug",2930000,7510000,2019-08-01,"Positive"
"Peru","2019","07",1934000,5534000,"2019 Jul",3600000,7468000,2019-07-01,"Positive"
"Peru","2019","06",1032000,5471000,"2019 Jun",4439000,6503000,2019-06-01,"Positive"
"Peru","2019","05",1249000,5745000,"2019 May",4496000,6994000,2019-05-01,"Positive"
"Peru","2019","04",1691000,7916000,"2019 Apr",6225000,9607000,2019-04-01,"Positive"
"Peru","2019","03",1486000,8961000,"2019 Mar",7475000,10447000,2019-03-01,"Positive"
"Peru","2019","02",771000,6442000,"2019 Feb",5671000,7213000,2019-02-01,"Positive"
"Peru","2019","01",880000,5268000,"2019 Jan",4388000,6148000,2019-01-01,"Positive"
"Peru","2018","12",1209000,6955000,"2018 Dec",5746000,8164000,2018-12-01,"Positive"
"Peru","2018","11",2905000,5451000,"2018 Nov",2546000,8356000,2018-11-01,"Positive"
"Peru","2018","10",3032000,6536000,"2018 Oct",3504000,9568000,2018-10-01,"Positive"
"Peru","2018","09",1430000,4282000,"2018 Sep",2852000,5712000,2018-09-01,"Positive"
"Peru","2018","08",1317000,5320000,"2018 Aug",4003000,6637000,2018-08-01,"Positive"
"Peru","2018","07",1284000,5993000,"2018 Jul",4709000,7277000,2018-07-01,"Positive"
"Peru","2018","06",1373000,6046000,"2018 Jun",4673000,7419000,2018-06-01,"Positive"
"Peru","2018","05",852000,9756000,"2018 May",8904000,10608000,2018-05-01,"Positive"
"Peru","2018","04",1587000,7784000,"2018 Apr",6197000,9371000,2018-04-01,"Positive"
"Peru","2018","03",828000,6591000,"2018 Mar",5763000,7419000,2018-03-01,"Positive"
"Peru","2018","02",699000,7435000,"2018 Feb",6736000,8134000,2018-02-01,"Positive"
"Peru","2018","01",1375000,8632000,"2018 Jan",7257000,10007000,2018-01-01,"Positive"
"Uruguay","2022","01",15600000,1943000,"2022 Jan",-13657000,17543000,2022-01-01,"Negative"
"Uruguay","2021","12",2479000,1117000,"2021 Dec",-1362000,3596000,2021-12-01,"Negative"
"Uruguay","2021","11",2914000,1578000,"2021 Nov",-1336000,4492000,2021-11-01,"Negative"
"Uruguay","2021","10",2290000,718000,"2021 Oct",-1572000,3008000,2021-10-01,"Negative"
"Uruguay","2021","09",1344000,1663000,"2021 Sep",319000,3007000,2021-09-01,"Positive"
"Uruguay","2021","08",1076000,882000,"2021 Aug",-194000,1958000,2021-08-01,"Negative"
"Uruguay","2021","07",837000,1731000,"2021 Jul",894000,2568000,2021-07-01,"Positive"
"Uruguay","2021","06",1879000,1047000,"2021 Jun",-832000,2926000,2021-06-01,"Negative"
"Uruguay","2021","05",1146000,858000,"2021 May",-288000,2004000,2021-05-01,"Negative"
"Uruguay","2021","04",516000,690000,"2021 Apr",174000,1206000,2021-04-01,"Positive"
"Uruguay","2021","03",2554000,1942000,"2021 Mar",-612000,4496000,2021-03-01,"Negative"
"Uruguay","2021","02",925000,453000,"2021 Feb",-472000,1378000,2021-02-01,"Negative"
"Uruguay","2021","01",365000,1010000,"2021 Jan",645000,1375000,2021-01-01,"Positive"
"Uruguay","2020","12",1254000,567000,"2020 Dec",-687000,1821000,2020-12-01,"Negative"
"Uruguay","2020","11",996000,1025000,"2020 Nov",29000,2021000,2020-11-01,"Positive"
"Uruguay","2020","10",544000,1782000,"2020 Oct",1238000,2326000,2020-10-01,"Positive"
"Uruguay","2020","09",99000,886000,"2020 Sep",787000,985000,2020-09-01,"Positive"
"Uruguay","2020","08",13000,1454000,"2020 Aug",1441000,1467000,2020-08-01,"Positive"
"Uruguay","2020","07",1695000,1179000,"2020 Jul",-516000,2874000,2020-07-01,"Negative"
"Uruguay","2020","06",1849000,663000,"2020 Jun",-1186000,2512000,2020-06-01,"Negative"
"Uruguay","2020","05",1334000,933000,"2020 May",-401000,2267000,2020-05-01,"Negative"
"Uruguay","2020","04",1991000,394000,"2020 Apr",-1597000,2385000,2020-04-01,"Negative"
"Uruguay","2020","03",1136000,1159000,"2020 Mar",23000,2295000,2020-03-01,"Positive"
"Uruguay","2020","02",543000,443000,"2020 Feb",-1e+05,986000,2020-02-01,"Negative"
"Uruguay","2020","01",1205000,1250000,"2020 Jan",45000,2455000,2020-01-01,"Positive"
"Uruguay","2019","12",2282000,1277000,"2019 Dec",-1005000,3559000,2019-12-01,"Negative"
"Uruguay","2019","11",2908000,1265000,"2019 Nov",-1643000,4173000,2019-11-01,"Negative"
"Uruguay","2019","10",5447000,3634000,"2019 Oct",-1813000,9081000,2019-10-01,"Negative"
"Uruguay","2019","09",363000,1670000,"2019 Sep",1307000,2033000,2019-09-01,"Positive"
"Uruguay","2019","08",2967000,3020000,"2019 Aug",53000,5987000,2019-08-01,"Positive"
"Uruguay","2019","07",1840000,917000,"2019 Jul",-923000,2757000,2019-07-01,"Negative"
"Uruguay","2019","06",9799000,947000,"2019 Jun",-8852000,10746000,2019-06-01,"Negative"
"Uruguay","2019","05",9473000,1976000,"2019 May",-7497000,11449000,2019-05-01,"Negative"
"Uruguay","2019","04",9956000,1185000,"2019 Apr",-8771000,11141000,2019-04-01,"Negative"
"Uruguay","2019","03",1651000,4405000,"2019 Mar",2754000,6056000,2019-03-01,"Positive"
"Uruguay","2019","02",1363000,2485000,"2019 Feb",1122000,3848000,2019-02-01,"Positive"
"Uruguay","2019","01",2042000,2652000,"2019 Jan",610000,4694000,2019-01-01,"Positive"
"Uruguay","2018","12",1127000,1999000,"2018 Dec",872000,3126000,2018-12-01,"Positive"
"Uruguay","2018","11",1565000,1699000,"2018 Nov",134000,3264000,2018-11-01,"Positive"
"Uruguay","2018","10",3230000,2289000,"2018 Oct",-941000,5519000,2018-10-01,"Negative"
"Uruguay","2018","09",2590000,1136000,"2018 Sep",-1454000,3726000,2018-09-01,"Negative"
"Uruguay","2018","08",3180000,1284000,"2018 Aug",-1896000,4464000,2018-08-01,"Negative"
"Uruguay","2018","07",3469000,1002000,"2018 Jul",-2467000,4471000,2018-07-01,"Negative"
"Uruguay","2018","06",1537000,3942000,"2018 Jun",2405000,5479000,2018-06-01,"Positive"
"Uruguay","2018","05",274000,1717000,"2018 May",1443000,1991000,2018-05-01,"Positive"
"Uruguay","2018","04",2337000,1243000,"2018 Apr",-1094000,3580000,2018-04-01,"Negative"
"Uruguay","2018","03",1242000,2210000,"2018 Mar",968000,3452000,2018-03-01,"Positive"
"Uruguay","2018","02",1263000,1798000,"2018 Feb",535000,3061000,2018-02-01,"Positive"
"Uruguay","2018","01",2409000,2029000,"2018 Jan",-380000,4438000,2018-01-01,"Negative"
"Venezuela","2022","01",38000,285000,"2022 Jan",247000,323000,2022-01-01,"Positive"
"Venezuela","2021","12",0,76000,"2021 Dec",76000,76000,2021-12-01,"Positive"
"Venezuela","2021","11",0,882000,"2021 Nov",882000,882000,2021-11-01,"Positive"
"Venezuela","2021","10",3000,31000,"2021 Oct",28000,34000,2021-10-01,"Positive"
"Venezuela","2021","09",8000,1181000,"2021 Sep",1173000,1189000,2021-09-01,"Positive"
"Venezuela","2021","08",8000,17000,"2021 Aug",9000,25000,2021-08-01,"Positive"
"Venezuela","2021","07",421000,215000,"2021 Jul",-206000,636000,2021-07-01,"Negative"
"Venezuela","2021","06",241000,74000,"2021 Jun",-167000,315000,2021-06-01,"Negative"
"Venezuela","2021","05",148000,105000,"2021 May",-43000,253000,2021-05-01,"Negative"
"Venezuela","2021","04",74000,949000,"2021 Apr",875000,1023000,2021-04-01,"Positive"
"Venezuela","2021","03",22000,37000,"2021 Mar",15000,59000,2021-03-01,"Positive"
"Venezuela","2021","02",217000,8000,"2021 Feb",-209000,225000,2021-02-01,"Negative"
"Venezuela","2021","01",39000,3395000,"2021 Jan",3356000,3434000,2021-01-01,"Positive"
"Venezuela","2020","12",128000,15000,"2020 Dec",-113000,143000,2020-12-01,"Negative"
"Venezuela","2020","11",70000,131000,"2020 Nov",61000,201000,2020-11-01,"Positive"
"Venezuela","2020","10",7000,26000,"2020 Oct",19000,33000,2020-10-01,"Positive"
"Venezuela","2020","09",37000,7000,"2020 Sep",-30000,44000,2020-09-01,"Negative"
"Venezuela","2020","08",9000,52000,"2020 Aug",43000,61000,2020-08-01,"Positive"
"Venezuela","2020","07",29000,5000,"2020 Jul",-24000,34000,2020-07-01,"Negative"
"Venezuela","2020","06",34000,149000,"2020 Jun",115000,183000,2020-06-01,"Positive"
"Venezuela","2020","05",87000,417000,"2020 May",330000,504000,2020-05-01,"Positive"
"Venezuela","2020","04",27000,179000,"2020 Apr",152000,206000,2020-04-01,"Positive"
"Venezuela","2020","03",91000,214000,"2020 Mar",123000,305000,2020-03-01,"Positive"
"Venezuela","2020","02",135000,464000,"2020 Feb",329000,599000,2020-02-01,"Positive"
"Venezuela","2020","01",1266000,99000,"2020 Jan",-1167000,1365000,2020-01-01,"Negative"
"Venezuela","2019","12",26000,238000,"2019 Dec",212000,264000,2019-12-01,"Positive"
"Venezuela","2019","11",145000,96000,"2019 Nov",-49000,241000,2019-11-01,"Negative"
"Venezuela","2019","10",57000,134000,"2019 Oct",77000,191000,2019-10-01,"Positive"
"Venezuela","2019","09",163511000,158000,"2019 Sep",-163353000,163669000,2019-09-01,"Negative"
"Venezuela","2019","08",1577000,296000,"2019 Aug",-1281000,1873000,2019-08-01,"Negative"
"Venezuela","2019","07",73091000,246000,"2019 Jul",-72845000,73337000,2019-07-01,"Negative"
"Venezuela","2019","06",7000,7000,"2019 Jun",0,14000,2019-06-01,"Negative"
"Venezuela","2019","05",253000,287000,"2019 May",34000,540000,2019-05-01,"Positive"
"Venezuela","2019","04",48000,717000,"2019 Apr",669000,765000,2019-04-01,"Positive"
"Venezuela","2019","03",195000,346000,"2019 Mar",151000,541000,2019-03-01,"Positive"
"Venezuela","2019","02",208341000,207000,"2019 Feb",-208134000,208548000,2019-02-01,"Negative"
"Venezuela","2019","01",80444000,94000,"2019 Jan",-80350000,80538000,2019-01-01,"Negative"
"Venezuela","2018","12",119293000,435000,"2018 Dec",-118858000,119728000,2018-12-01,"Negative"
"Venezuela","2018","11",67692000,183000,"2018 Nov",-67509000,67875000,2018-11-01,"Negative"
"Venezuela","2018","10",51397000,2919000,"2018 Oct",-48478000,54316000,2018-10-01,"Negative"
"Venezuela","2018","09",93357000,174000,"2018 Sep",-93183000,93531000,2018-09-01,"Negative"
"Venezuela","2018","08",85817000,127000,"2018 Aug",-85690000,85944000,2018-08-01,"Negative"
"Venezuela","2018","07",1000,986000,"2018 Jul",985000,987000,2018-07-01,"Positive"
"Venezuela","2018","06",160591000,190000,"2018 Jun",-160401000,160781000,2018-06-01,"Negative"
"Venezuela","2018","05",86800000,2533000,"2018 May",-84267000,89333000,2018-05-01,"Negative"
"Venezuela","2018","04",11018000,592000,"2018 Apr",-10426000,11610000,2018-04-01,"Negative"
"Venezuela","2018","03",55000,64000,"2018 Mar",9000,119000,2018-03-01,"Positive"
"Venezuela","2018","02",146419000,180000,"2018 Feb",-146239000,146599000,2018-02-01,"Negative"
"Venezuela","2018","01",189106000,330000,"2018 Jan",-188776000,189436000,2018-01-01,"Negative"
"Australia","2022","01",682587000,1650856000,"2022 Jan",968269000,2333443000,2022-01-01,"Positive"
"Australia","2021","12",639275000,1759211000,"2021 Dec",1119936000,2398486000,2021-12-01,"Positive"
"Australia","2021","11",825231000,1824798000,"2021 Nov",999567000,2650029000,2021-11-01,"Positive"
"Australia","2021","10",860118000,1510286000,"2021 Oct",650168000,2370404000,2021-10-01,"Positive"
"Australia","2021","09",528741000,1587352000,"2021 Sep",1058611000,2116093000,2021-09-01,"Positive"
"Australia","2021","08",570750000,1659399000,"2021 Aug",1088649000,2230149000,2021-08-01,"Positive"
"Australia","2021","07",1056177000,1444302000,"2021 Jul",388125000,2500479000,2021-07-01,"Positive"
"Australia","2021","06",742066000,1676135000,"2021 Jun",934069000,2418201000,2021-06-01,"Positive"
"Australia","2021","05",840448000,1387861000,"2021 May",547413000,2228309000,2021-05-01,"Positive"
"Australia","2021","04",929295000,1229534000,"2021 Apr",300239000,2158829000,2021-04-01,"Positive"
"Australia","2021","03",1015957000,1420177000,"2021 Mar",404220000,2436134000,2021-03-01,"Positive"
"Australia","2021","02",1077095000,1027770000,"2021 Feb",-49325000,2104865000,2021-02-01,"Negative"
"Australia","2021","01",634384000,975143000,"2021 Jan",340759000,1609527000,2021-01-01,"Positive"
"Australia","2020","12",432820000,939170000,"2020 Dec",506350000,1371990000,2020-12-01,"Positive"
"Australia","2020","11",1279412000,956920000,"2020 Nov",-322492000,2236332000,2020-11-01,"Negative"
"Australia","2020","10",522414000,985939000,"2020 Oct",463525000,1508353000,2020-10-01,"Positive"
"Australia","2020","09",359877000,1016997000,"2020 Sep",657120000,1376874000,2020-09-01,"Positive"
"Australia","2020","08",457100000,1096371000,"2020 Aug",639271000,1553471000,2020-08-01,"Positive"
"Australia","2020","07",380570000,1061895000,"2020 Jul",681325000,1442465000,2020-07-01,"Positive"
"Australia","2020","06",330132000,859951000,"2020 Jun",529819000,1190083000,2020-06-01,"Positive"
"Australia","2020","05",328456000,888542000,"2020 May",560086000,1216998000,2020-05-01,"Positive"
"Australia","2020","04",480764000,926290000,"2020 Apr",445526000,1407054000,2020-04-01,"Positive"
"Australia","2020","03",743553000,972067000,"2020 Mar",228514000,1715620000,2020-03-01,"Positive"
"Australia","2020","02",500418000,1077157000,"2020 Feb",576739000,1577575000,2020-02-01,"Positive"
"Australia","2020","01",695463000,1016684000,"2020 Jan",321221000,1712147000,2020-01-01,"Positive"
"Australia","2019","12",1248073000,1256105000,"2019 Dec",8032000,2504178000,2019-12-01,"Positive"
"Australia","2019","11",729706000,1307379000,"2019 Nov",577673000,2037085000,2019-11-01,"Positive"
"Australia","2019","10",797516000,1762596000,"2019 Oct",965080000,2560112000,2019-10-01,"Positive"
"Australia","2019","09",753413000,1276349000,"2019 Sep",522936000,2029762000,2019-09-01,"Positive"
"Australia","2019","08",912412000,1214329000,"2019 Aug",301917000,2126741000,2019-08-01,"Positive"
"Australia","2019","07",665913000,1188098000,"2019 Jul",522185000,1854011000,2019-07-01,"Positive"
"Australia","2019","06",441907000,1298987000,"2019 Jun",857080000,1740894000,2019-06-01,"Positive"
"Australia","2019","05",717052000,1158996000,"2019 May",441944000,1876048000,2019-05-01,"Positive"
"Australia","2019","04",663226000,1405977000,"2019 Apr",742751000,2069203000,2019-04-01,"Positive"
"Australia","2019","03",355712000,1355409000,"2019 Mar",999697000,1711121000,2019-03-01,"Positive"
"Australia","2019","02",716802000,1012204000,"2019 Feb",295402000,1729006000,2019-02-01,"Positive"
"Australia","2019","01",533878000,1173554000,"2019 Jan",639676000,1707432000,2019-01-01,"Positive"
"Australia","2018","12",744827000,1233367000,"2018 Dec",488540000,1978194000,2018-12-01,"Positive"
"Australia","2018","11",765612000,1653438000,"2018 Nov",887826000,2419050000,2018-11-01,"Positive"
"Australia","2018","10",635184000,1829915000,"2018 Oct",1194731000,2465099000,2018-10-01,"Positive"
"Australia","2018","09",550556000,1189816000,"2018 Sep",639260000,1740372000,2018-09-01,"Positive"
"Australia","2018","08",673296000,1410256000,"2018 Aug",736960000,2083552000,2018-08-01,"Positive"
"Australia","2018","07",662130000,1428584000,"2018 Jul",766454000,2090714000,2018-07-01,"Positive"
"Australia","2018","06",710178000,1263425000,"2018 Jun",553247000,1973603000,2018-06-01,"Positive"
"Australia","2018","05",700152000,1384485000,"2018 May",684333000,2084637000,2018-05-01,"Positive"
"Australia","2018","04",422388000,1741893000,"2018 Apr",1319505000,2164281000,2018-04-01,"Positive"
"Australia","2018","03",511483000,1424722000,"2018 Mar",913239000,1936205000,2018-03-01,"Positive"
"Australia","2018","02",517345000,1196708000,"2018 Feb",679363000,1714053000,2018-02-01,"Positive"
"Australia","2018","01",474564000,1342319000,"2018 Jan",867755000,1816883000,2018-01-01,"Positive"
"Fiji","2022","01",470000,43161000,"2022 Jan",42691000,43631000,2022-01-01,"Positive"
"Fiji","2021","12",81000,58122000,"2021 Dec",58041000,58203000,2021-12-01,"Positive"
"Fiji","2021","11",239000,39716000,"2021 Nov",39477000,39955000,2021-11-01,"Positive"
"Fiji","2021","10",662000,40389000,"2021 Oct",39727000,41051000,2021-10-01,"Positive"
"Fiji","2021","09",30000,30128000,"2021 Sep",30098000,30158000,2021-09-01,"Positive"
"Fiji","2021","08",19000,31260000,"2021 Aug",31241000,31279000,2021-08-01,"Positive"
"Fiji","2021","07",185000,22251000,"2021 Jul",22066000,22436000,2021-07-01,"Positive"
"Fiji","2021","06",6000,20468000,"2021 Jun",20462000,20474000,2021-06-01,"Positive"
"Fiji","2021","05",277000,22773000,"2021 May",22496000,23050000,2021-05-01,"Positive"
"Fiji","2021","04",193000,24202000,"2021 Apr",24009000,24395000,2021-04-01,"Positive"
"Fiji","2021","03",338000,31451000,"2021 Mar",31113000,31789000,2021-03-01,"Positive"
"Fiji","2021","02",256000,18581000,"2021 Feb",18325000,18837000,2021-02-01,"Positive"
"Fiji","2021","01",8000,30987000,"2021 Jan",30979000,30995000,2021-01-01,"Positive"
"Fiji","2020","12",164000,26368000,"2020 Dec",26204000,26532000,2020-12-01,"Positive"
"Fiji","2020","11",453000,19664000,"2020 Nov",19211000,20117000,2020-11-01,"Positive"
"Fiji","2020","10",686000,28793000,"2020 Oct",28107000,29479000,2020-10-01,"Positive"
"Fiji","2020","09",115000,15985000,"2020 Sep",15870000,16100000,2020-09-01,"Positive"
"Fiji","2020","08",18000,25587000,"2020 Aug",25569000,25605000,2020-08-01,"Positive"
"Fiji","2020","07",171000,20346000,"2020 Jul",20175000,20517000,2020-07-01,"Positive"
"Fiji","2020","06",118000,6491000,"2020 Jun",6373000,6609000,2020-06-01,"Positive"
"Fiji","2020","05",30000,12803000,"2020 May",12773000,12833000,2020-05-01,"Positive"
"Fiji","2020","04",106000,9596000,"2020 Apr",9490000,9702000,2020-04-01,"Positive"
"Fiji","2020","03",549000,20460000,"2020 Mar",19911000,21009000,2020-03-01,"Positive"
"Fiji","2020","02",119000,48420000,"2020 Feb",48301000,48539000,2020-02-01,"Positive"
"Fiji","2020","01",265000,28670000,"2020 Jan",28405000,28935000,2020-01-01,"Positive"
"Fiji","2019","12",438000,55117000,"2019 Dec",54679000,55555000,2019-12-01,"Positive"
"Fiji","2019","11",261000,34525000,"2019 Nov",34264000,34786000,2019-11-01,"Positive"
"Fiji","2019","10",7174000,53753000,"2019 Oct",46579000,60927000,2019-10-01,"Positive"
"Fiji","2019","09",404000,38219000,"2019 Sep",37815000,38623000,2019-09-01,"Positive"
"Fiji","2019","08",343000,51781000,"2019 Aug",51438000,52124000,2019-08-01,"Positive"
"Fiji","2019","07",629000,63475000,"2019 Jul",62846000,64104000,2019-07-01,"Positive"
"Fiji","2019","06",133000,34761000,"2019 Jun",34628000,34894000,2019-06-01,"Positive"
"Fiji","2019","05",381000,53960000,"2019 May",53579000,54341000,2019-05-01,"Positive"
"Fiji","2019","04",15000,38025000,"2019 Apr",38010000,38040000,2019-04-01,"Positive"
"Fiji","2019","03",714000,49026000,"2019 Mar",48312000,49740000,2019-03-01,"Positive"
"Fiji","2019","02",54000,28143000,"2019 Feb",28089000,28197000,2019-02-01,"Positive"
"Fiji","2019","01",474000,38179000,"2019 Jan",37705000,38653000,2019-01-01,"Positive"
"Fiji","2018","12",199000,67005000,"2018 Dec",66806000,67204000,2018-12-01,"Positive"
"Fiji","2018","11",817000,46509000,"2018 Nov",45692000,47326000,2018-11-01,"Positive"
"Fiji","2018","10",636000,62246000,"2018 Oct",61610000,62882000,2018-10-01,"Positive"
"Fiji","2018","09",534000,53777000,"2018 Sep",53243000,54311000,2018-09-01,"Positive"
"Fiji","2018","08",499000,67744000,"2018 Aug",67245000,68243000,2018-08-01,"Positive"
"Fiji","2018","07",337000,37939000,"2018 Jul",37602000,38276000,2018-07-01,"Positive"
"Fiji","2018","06",535000,46626000,"2018 Jun",46091000,47161000,2018-06-01,"Positive"
"Fiji","2018","05",717000,43752000,"2018 May",43035000,44469000,2018-05-01,"Positive"
"Fiji","2018","04",282000,24034000,"2018 Apr",23752000,24316000,2018-04-01,"Positive"
"Fiji","2018","03",803000,40742000,"2018 Mar",39939000,41545000,2018-03-01,"Positive"
"Fiji","2018","02",219000,33743000,"2018 Feb",33524000,33962000,2018-02-01,"Positive"
"Fiji","2018","01",1273000,42230000,"2018 Jan",40957000,43503000,2018-01-01,"Positive"
"New Caledonia","2022","01",22000,47367000,"2022 Jan",47345000,47389000,2022-01-01,"Positive"
"New Caledonia","2021","12",28000,21028000,"2021 Dec",2.1e+07,21056000,2021-12-01,"Positive"
"New Caledonia","2021","11",68000,26316000,"2021 Nov",26248000,26384000,2021-11-01,"Positive"
"New Caledonia","2021","10",127000,60672000,"2021 Oct",60545000,60799000,2021-10-01,"Positive"
"New Caledonia","2021","09",31000,44418000,"2021 Sep",44387000,44449000,2021-09-01,"Positive"
"New Caledonia","2021","08",87000,42555000,"2021 Aug",42468000,42642000,2021-08-01,"Positive"
"New Caledonia","2021","07",4292000,17926000,"2021 Jul",13634000,22218000,2021-07-01,"Positive"
"New Caledonia","2021","06",385000,7741000,"2021 Jun",7356000,8126000,2021-06-01,"Positive"
"New Caledonia","2021","05",139000,27720000,"2021 May",27581000,27859000,2021-05-01,"Positive"
"New Caledonia","2021","04",80000,27699000,"2021 Apr",27619000,27779000,2021-04-01,"Positive"
"New Caledonia","2021","03",84000,14599000,"2021 Mar",14515000,14683000,2021-03-01,"Positive"
"New Caledonia","2021","02",25000,24788000,"2021 Feb",24763000,24813000,2021-02-01,"Positive"
"New Caledonia","2021","01",79000,21302000,"2021 Jan",21223000,21381000,2021-01-01,"Positive"
"New Caledonia","2020","12",42000,47804000,"2020 Dec",47762000,47846000,2020-12-01,"Positive"
"New Caledonia","2020","11",156000,10242000,"2020 Nov",10086000,10398000,2020-11-01,"Positive"
"New Caledonia","2020","10",6000,14542000,"2020 Oct",14536000,14548000,2020-10-01,"Positive"
"New Caledonia","2020","09",24000,23293000,"2020 Sep",23269000,23317000,2020-09-01,"Positive"
"New Caledonia","2020","08",3000,27640000,"2020 Aug",27637000,27643000,2020-08-01,"Positive"
"New Caledonia","2020","07",171000,32070000,"2020 Jul",31899000,32241000,2020-07-01,"Positive"
"New Caledonia","2020","06",187000,14685000,"2020 Jun",14498000,14872000,2020-06-01,"Positive"
"New Caledonia","2020","05",4000,20441000,"2020 May",20437000,20445000,2020-05-01,"Positive"
"New Caledonia","2020","04",0,7094000,"2020 Apr",7094000,7094000,2020-04-01,"Positive"
"New Caledonia","2020","03",5000,29736000,"2020 Mar",29731000,29741000,2020-03-01,"Positive"
"New Caledonia","2020","02",63000,35384000,"2020 Feb",35321000,35447000,2020-02-01,"Positive"
"New Caledonia","2020","01",30000,29838000,"2020 Jan",29808000,29868000,2020-01-01,"Positive"
"New Caledonia","2019","12",11000,13767000,"2019 Dec",13756000,13778000,2019-12-01,"Positive"
"New Caledonia","2019","11",15000,42617000,"2019 Nov",42602000,42632000,2019-11-01,"Positive"
"New Caledonia","2019","10",6000,22236000,"2019 Oct",22230000,22242000,2019-10-01,"Positive"
"New Caledonia","2019","09",8000,61596000,"2019 Sep",61588000,61604000,2019-09-01,"Positive"
"New Caledonia","2019","08",41000,17348000,"2019 Aug",17307000,17389000,2019-08-01,"Positive"
"New Caledonia","2019","07",50000,61342000,"2019 Jul",61292000,61392000,2019-07-01,"Positive"
"New Caledonia","2019","06",26000,42336000,"2019 Jun",42310000,42362000,2019-06-01,"Positive"
"New Caledonia","2019","05",36000,30799000,"2019 May",30763000,30835000,2019-05-01,"Positive"
"New Caledonia","2019","04",181000,33118000,"2019 Apr",32937000,33299000,2019-04-01,"Positive"
"New Caledonia","2019","03",37000,34054000,"2019 Mar",34017000,34091000,2019-03-01,"Positive"
"New Caledonia","2019","02",43000,12519000,"2019 Feb",12476000,12562000,2019-02-01,"Positive"
"New Caledonia","2019","01",19000,29996000,"2019 Jan",29977000,30015000,2019-01-01,"Positive"
"New Caledonia","2018","12",66000,42622000,"2018 Dec",42556000,42688000,2018-12-01,"Positive"
"New Caledonia","2018","11",580000,32361000,"2018 Nov",31781000,32941000,2018-11-01,"Positive"
"New Caledonia","2018","10",76000,25415000,"2018 Oct",25339000,25491000,2018-10-01,"Positive"
"New Caledonia","2018","09",44000,45813000,"2018 Sep",45769000,45857000,2018-09-01,"Positive"
"New Caledonia","2018","08",108000,55667000,"2018 Aug",55559000,55775000,2018-08-01,"Positive"
"New Caledonia","2018","07",226000,20235000,"2018 Jul",20009000,20461000,2018-07-01,"Positive"
"New Caledonia","2018","06",75000,62216000,"2018 Jun",62141000,62291000,2018-06-01,"Positive"
"New Caledonia","2018","05",15000,41662000,"2018 May",41647000,41677000,2018-05-01,"Positive"
"New Caledonia","2018","04",110000,19949000,"2018 Apr",19839000,20059000,2018-04-01,"Positive"
"New Caledonia","2018","03",64000,47050000,"2018 Mar",46986000,47114000,2018-03-01,"Positive"
"New Caledonia","2018","02",112000,44649000,"2018 Feb",44537000,44761000,2018-02-01,"Positive"
"New Caledonia","2018","01",17000,33169000,"2018 Jan",33152000,33186000,2018-01-01,"Positive"
"New Zealand","2022","01",115683000,285279000,"2022 Jan",169596000,400962000,2022-01-01,"Positive"
"New Zealand","2021","12",87492000,259772000,"2021 Dec",172280000,347264000,2021-12-01,"Positive"
"New Zealand","2021","11",85048000,201719000,"2021 Nov",116671000,286767000,2021-11-01,"Positive"
"New Zealand","2021","10",84332000,286154000,"2021 Oct",201822000,370486000,2021-10-01,"Positive"
"New Zealand","2021","09",56207000,219976000,"2021 Sep",163769000,276183000,2021-09-01,"Positive"
"New Zealand","2021","08",90645000,256178000,"2021 Aug",165533000,346823000,2021-08-01,"Positive"
"New Zealand","2021","07",67151000,340694000,"2021 Jul",273543000,407845000,2021-07-01,"Positive"
"New Zealand","2021","06",78315000,236031000,"2021 Jun",157716000,314346000,2021-06-01,"Positive"
"New Zealand","2021","05",88947000,197788000,"2021 May",108841000,286735000,2021-05-01,"Positive"
"New Zealand","2021","04",60885000,194223000,"2021 Apr",133338000,255108000,2021-04-01,"Positive"
"New Zealand","2021","03",71214000,333483000,"2021 Mar",262269000,404697000,2021-03-01,"Positive"
"New Zealand","2021","02",47573000,261895000,"2021 Feb",214322000,309468000,2021-02-01,"Positive"
"New Zealand","2021","01",62306000,206579000,"2021 Jan",144273000,268885000,2021-01-01,"Positive"
"New Zealand","2020","12",92235000,190958000,"2020 Dec",98723000,283193000,2020-12-01,"Positive"
"New Zealand","2020","11",123931000,254986000,"2020 Nov",131055000,378917000,2020-11-01,"Positive"
"New Zealand","2020","10",44728000,145480000,"2020 Oct",100752000,190208000,2020-10-01,"Positive"
"New Zealand","2020","09",91438000,190150000,"2020 Sep",98712000,281588000,2020-09-01,"Positive"
"New Zealand","2020","08",62094000,243800000,"2020 Aug",181706000,305894000,2020-08-01,"Positive"
"New Zealand","2020","07",98929000,244066000,"2020 Jul",145137000,342995000,2020-07-01,"Positive"
"New Zealand","2020","06",73899000,218918000,"2020 Jun",145019000,292817000,2020-06-01,"Positive"
"New Zealand","2020","05",91166000,127291000,"2020 May",36125000,218457000,2020-05-01,"Positive"
"New Zealand","2020","04",70052000,134685000,"2020 Apr",64633000,204737000,2020-04-01,"Positive"
"New Zealand","2020","03",100199000,282059000,"2020 Mar",181860000,382258000,2020-03-01,"Positive"
"New Zealand","2020","02",71785000,229238000,"2020 Feb",157453000,301023000,2020-02-01,"Positive"
"New Zealand","2020","01",121022000,273376000,"2020 Jan",152354000,394398000,2020-01-01,"Positive"
"New Zealand","2019","12",104780000,280937000,"2019 Dec",176157000,385717000,2019-12-01,"Positive"
"New Zealand","2019","11",107782000,324833000,"2019 Nov",217051000,432615000,2019-11-01,"Positive"
"New Zealand","2019","10",127553000,270081000,"2019 Oct",142528000,397634000,2019-10-01,"Positive"
"New Zealand","2019","09",79065000,203151000,"2019 Sep",124086000,282216000,2019-09-01,"Positive"
"New Zealand","2019","08",72500000,290787000,"2019 Aug",218287000,363287000,2019-08-01,"Positive"
"New Zealand","2019","07",107408000,217009000,"2019 Jul",109601000,324417000,2019-07-01,"Positive"
"New Zealand","2019","06",59810000,235459000,"2019 Jun",175649000,295269000,2019-06-01,"Positive"
"New Zealand","2019","05",147838000,273544000,"2019 May",125706000,421382000,2019-05-01,"Positive"
"New Zealand","2019","04",81115000,256258000,"2019 Apr",175143000,337373000,2019-04-01,"Positive"
"New Zealand","2019","03",137700000,237109000,"2019 Mar",99409000,374809000,2019-03-01,"Positive"
"New Zealand","2019","02",68858000,263338000,"2019 Feb",194480000,332196000,2019-02-01,"Positive"
"New Zealand","2019","01",77194000,256177000,"2019 Jan",178983000,333371000,2019-01-01,"Positive"
"New Zealand","2018","12",88049000,218212000,"2018 Dec",130163000,306261000,2018-12-01,"Positive"
"New Zealand","2018","11",103295000,333128000,"2018 Nov",229833000,436423000,2018-11-01,"Positive"
"New Zealand","2018","10",93896000,297925000,"2018 Oct",204029000,391821000,2018-10-01,"Positive"
"New Zealand","2018","09",101729000,270502000,"2018 Sep",168773000,372231000,2018-09-01,"Positive"
"New Zealand","2018","08",101754000,283446000,"2018 Aug",181692000,385200000,2018-08-01,"Positive"
"New Zealand","2018","07",107882000,296220000,"2018 Jul",188338000,404102000,2018-07-01,"Positive"
"New Zealand","2018","06",66794000,182228000,"2018 Jun",115434000,249022000,2018-06-01,"Positive"
"New Zealand","2018","05",80104000,299351000,"2018 May",219247000,379455000,2018-05-01,"Positive"
"New Zealand","2018","04",54435000,257788000,"2018 Apr",203353000,312223000,2018-04-01,"Positive"
"New Zealand","2018","03",126670000,182171000,"2018 Mar",55501000,308841000,2018-03-01,"Positive"
"New Zealand","2018","02",79014000,199442000,"2018 Feb",120428000,278456000,2018-02-01,"Positive"
"New Zealand","2018","01",87732000,217238000,"2018 Jan",129506000,304970000,2018-01-01,"Positive"
"Papua New Guinea","2022","01",10972000,81210000,"2022 Jan",70238000,92182000,2022-01-01,"Positive"
"Papua New Guinea","2021","12",14981000,71805000,"2021 Dec",56824000,86786000,2021-12-01,"Positive"
"Papua New Guinea","2021","11",82962000,73323000,"2021 Nov",-9639000,156285000,2021-11-01,"Negative"
"Papua New Guinea","2021","10",74860000,68151000,"2021 Oct",-6709000,143011000,2021-10-01,"Negative"
"Papua New Guinea","2021","09",13015000,65586000,"2021 Sep",52571000,78601000,2021-09-01,"Positive"
"Papua New Guinea","2021","08",71162000,66963000,"2021 Aug",-4199000,138125000,2021-08-01,"Negative"
"Papua New Guinea","2021","07",72611000,34614000,"2021 Jul",-37997000,107225000,2021-07-01,"Negative"
"Papua New Guinea","2021","06",68957000,70882000,"2021 Jun",1925000,139839000,2021-06-01,"Positive"
"Papua New Guinea","2021","05",71370000,38503000,"2021 May",-32867000,109873000,2021-05-01,"Negative"
"Papua New Guinea","2021","04",37545000,60025000,"2021 Apr",22480000,97570000,2021-04-01,"Positive"
"Papua New Guinea","2021","03",42577000,67297000,"2021 Mar",24720000,109874000,2021-03-01,"Positive"
"Papua New Guinea","2021","02",3669000,37434000,"2021 Feb",33765000,41103000,2021-02-01,"Positive"
"Papua New Guinea","2021","01",7692000,75515000,"2021 Jan",67823000,83207000,2021-01-01,"Positive"
"Papua New Guinea","2020","12",11259000,63337000,"2020 Dec",52078000,74596000,2020-12-01,"Positive"
"Papua New Guinea","2020","11",2904000,40719000,"2020 Nov",37815000,43623000,2020-11-01,"Positive"
"Papua New Guinea","2020","10",4994000,62190000,"2020 Oct",57196000,67184000,2020-10-01,"Positive"
"Papua New Guinea","2020","09",19019000,53035000,"2020 Sep",34016000,72054000,2020-09-01,"Positive"
"Papua New Guinea","2020","08",58693000,45468000,"2020 Aug",-13225000,104161000,2020-08-01,"Negative"
"Papua New Guinea","2020","07",10878000,54761000,"2020 Jul",43883000,65639000,2020-07-01,"Positive"
"Papua New Guinea","2020","06",51298000,46108000,"2020 Jun",-5190000,97406000,2020-06-01,"Negative"
"Papua New Guinea","2020","05",21622000,35924000,"2020 May",14302000,57546000,2020-05-01,"Positive"
"Papua New Guinea","2020","04",86087000,65185000,"2020 Apr",-20902000,151272000,2020-04-01,"Negative"
"Papua New Guinea","2020","03",1323000,69351000,"2020 Mar",68028000,70674000,2020-03-01,"Positive"
"Papua New Guinea","2020","02",121520000,78522000,"2020 Feb",-42998000,200042000,2020-02-01,"Negative"
"Papua New Guinea","2020","01",1883000,105812000,"2020 Jan",103929000,107695000,2020-01-01,"Positive"
"Papua New Guinea","2019","12",14759000,50273000,"2019 Dec",35514000,65032000,2019-12-01,"Positive"
"Papua New Guinea","2019","11",1976000,69967000,"2019 Nov",67991000,71943000,2019-11-01,"Positive"
"Papua New Guinea","2019","10",2988000,71587000,"2019 Oct",68599000,74575000,2019-10-01,"Positive"
"Papua New Guinea","2019","09",33280000,51658000,"2019 Sep",18378000,84938000,2019-09-01,"Positive"
"Papua New Guinea","2019","08",28300000,75960000,"2019 Aug",47660000,104260000,2019-08-01,"Positive"
"Papua New Guinea","2019","07",39841000,71312000,"2019 Jul",31471000,111153000,2019-07-01,"Positive"
"Papua New Guinea","2019","06",1406000,57684000,"2019 Jun",56278000,59090000,2019-06-01,"Positive"
"Papua New Guinea","2019","05",23352000,93217000,"2019 May",69865000,116569000,2019-05-01,"Positive"
"Papua New Guinea","2019","04",74599000,69561000,"2019 Apr",-5038000,144160000,2019-04-01,"Negative"
"Papua New Guinea","2019","03",24396000,66032000,"2019 Mar",41636000,90428000,2019-03-01,"Positive"
"Papua New Guinea","2019","02",961000,54355000,"2019 Feb",53394000,55316000,2019-02-01,"Positive"
"Papua New Guinea","2019","01",1109000,79029000,"2019 Jan",77920000,80138000,2019-01-01,"Positive"
"Papua New Guinea","2018","12",61041000,60501000,"2018 Dec",-540000,121542000,2018-12-01,"Negative"
"Papua New Guinea","2018","11",3566000,64145000,"2018 Nov",60579000,67711000,2018-11-01,"Positive"
"Papua New Guinea","2018","10",70822000,57450000,"2018 Oct",-13372000,128272000,2018-10-01,"Negative"
"Papua New Guinea","2018","09",32957000,56863000,"2018 Sep",23906000,89820000,2018-09-01,"Positive"
"Papua New Guinea","2018","08",50692000,45479000,"2018 Aug",-5213000,96171000,2018-08-01,"Negative"
"Papua New Guinea","2018","07",789000,47850000,"2018 Jul",47061000,48639000,2018-07-01,"Positive"
"Papua New Guinea","2018","06",49837000,95297000,"2018 Jun",45460000,145134000,2018-06-01,"Positive"
"Papua New Guinea","2018","05",8970000,47515000,"2018 May",38545000,56485000,2018-05-01,"Positive"
"Papua New Guinea","2018","04",11990000,62630000,"2018 Apr",50640000,74620000,2018-04-01,"Positive"
"Papua New Guinea","2018","03",10752000,81894000,"2018 Mar",71142000,92646000,2018-03-01,"Positive"
"Papua New Guinea","2018","02",2736000,30223000,"2018 Feb",27487000,32959000,2018-02-01,"Positive"
"Papua New Guinea","2018","01",27595000,65087000,"2018 Jan",37492000,92682000,2018-01-01,"Positive"
"French Polynesia","2022","01",58000,17297000,"2022 Jan",17239000,17355000,2022-01-01,"Positive"
"French Polynesia","2021","12",2464000,9713000,"2021 Dec",7249000,12177000,2021-12-01,"Positive"
"French Polynesia","2021","11",13000,2292000,"2021 Nov",2279000,2305000,2021-11-01,"Positive"
"French Polynesia","2021","10",154000,21796000,"2021 Oct",21642000,21950000,2021-10-01,"Positive"
"French Polynesia","2021","09",265000,7209000,"2021 Sep",6944000,7474000,2021-09-01,"Positive"
"French Polynesia","2021","08",9000,2629000,"2021 Aug",2620000,2638000,2021-08-01,"Positive"
"French Polynesia","2021","07",59000,20655000,"2021 Jul",20596000,20714000,2021-07-01,"Positive"
"French Polynesia","2021","06",19000,1505000,"2021 Jun",1486000,1524000,2021-06-01,"Positive"
"French Polynesia","2021","05",162000,1261000,"2021 May",1099000,1423000,2021-05-01,"Positive"
"French Polynesia","2021","04",1992000,1299000,"2021 Apr",-693000,3291000,2021-04-01,"Negative"
"French Polynesia","2021","03",263000,2241000,"2021 Mar",1978000,2504000,2021-03-01,"Positive"
"French Polynesia","2021","02",74000,1535000,"2021 Feb",1461000,1609000,2021-02-01,"Positive"
"French Polynesia","2021","01",117000,34762000,"2021 Jan",34645000,34879000,2021-01-01,"Positive"
"French Polynesia","2020","12",103000,4307000,"2020 Dec",4204000,4410000,2020-12-01,"Positive"
"French Polynesia","2020","11",432000,8819000,"2020 Nov",8387000,9251000,2020-11-01,"Positive"
"French Polynesia","2020","10",91000,2070000,"2020 Oct",1979000,2161000,2020-10-01,"Positive"
"French Polynesia","2020","09",9000,2075000,"2020 Sep",2066000,2084000,2020-09-01,"Positive"
"French Polynesia","2020","08",2580000,1830000,"2020 Aug",-750000,4410000,2020-08-01,"Negative"
"French Polynesia","2020","07",230000,2233000,"2020 Jul",2003000,2463000,2020-07-01,"Positive"
"French Polynesia","2020","06",7000,1332000,"2020 Jun",1325000,1339000,2020-06-01,"Positive"
"French Polynesia","2020","05",16000,3216000,"2020 May",3200000,3232000,2020-05-01,"Positive"
"French Polynesia","2020","04",6000,685000,"2020 Apr",679000,691000,2020-04-01,"Positive"
"French Polynesia","2020","03",176000,7951000,"2020 Mar",7775000,8127000,2020-03-01,"Positive"
"French Polynesia","2020","02",42000,7214000,"2020 Feb",7172000,7256000,2020-02-01,"Positive"
"French Polynesia","2020","01",64000,1469000,"2020 Jan",1405000,1533000,2020-01-01,"Positive"
"French Polynesia","2019","12",109000,16249000,"2019 Dec",16140000,16358000,2019-12-01,"Positive"
"French Polynesia","2019","11",107000,3309000,"2019 Nov",3202000,3416000,2019-11-01,"Positive"
"French Polynesia","2019","10",46000,8924000,"2019 Oct",8878000,8970000,2019-10-01,"Positive"
"French Polynesia","2019","09",26000,8264000,"2019 Sep",8238000,8290000,2019-09-01,"Positive"
"French Polynesia","2019","08",449000,11390000,"2019 Aug",10941000,11839000,2019-08-01,"Positive"
"French Polynesia","2019","07",272000,20526000,"2019 Jul",20254000,20798000,2019-07-01,"Positive"
"French Polynesia","2019","06",194000,1856000,"2019 Jun",1662000,2050000,2019-06-01,"Positive"
"French Polynesia","2019","05",177000,25664000,"2019 May",25487000,25841000,2019-05-01,"Positive"
"French Polynesia","2019","04",77000,3176000,"2019 Apr",3099000,3253000,2019-04-01,"Positive"
"French Polynesia","2019","03",148000,16261000,"2019 Mar",16113000,16409000,2019-03-01,"Positive"
"French Polynesia","2019","02",167000,5884000,"2019 Feb",5717000,6051000,2019-02-01,"Positive"
"French Polynesia","2019","01",350000,17324000,"2019 Jan",16974000,17674000,2019-01-01,"Positive"
"French Polynesia","2018","12",229000,19988000,"2018 Dec",19759000,20217000,2018-12-01,"Positive"
"French Polynesia","2018","11",165000,2001000,"2018 Nov",1836000,2166000,2018-11-01,"Positive"
"French Polynesia","2018","10",203000,22165000,"2018 Oct",21962000,22368000,2018-10-01,"Positive"
"French Polynesia","2018","09",152000,1675000,"2018 Sep",1523000,1827000,2018-09-01,"Positive"
"French Polynesia","2018","08",111000,22394000,"2018 Aug",22283000,22505000,2018-08-01,"Positive"
"French Polynesia","2018","07",189000,13032000,"2018 Jul",12843000,13221000,2018-07-01,"Positive"
"French Polynesia","2018","06",88000,18454000,"2018 Jun",18366000,18542000,2018-06-01,"Positive"
"French Polynesia","2018","05",188000,19326000,"2018 May",19138000,19514000,2018-05-01,"Positive"
"French Polynesia","2018","04",536000,2338000,"2018 Apr",1802000,2874000,2018-04-01,"Positive"
"French Polynesia","2018","03",148000,1411000,"2018 Mar",1263000,1559000,2018-03-01,"Positive"
"French Polynesia","2018","02",381000,17956000,"2018 Feb",17575000,18337000,2018-02-01,"Positive"
"French Polynesia","2018","01",155000,7494000,"2018 Jan",7339000,7649000,2018-01-01,"Positive"
"Guam","2022","01",69000,23026000,"2022 Jan",22957000,23095000,2022-01-01,"Positive"
"Guam","2021","12",7000,60182000,"2021 Dec",60175000,60189000,2021-12-01,"Positive"
"Guam","2021","11",35000,88152000,"2021 Nov",88117000,88187000,2021-11-01,"Positive"
"Guam","2021","10",40000,14322000,"2021 Oct",14282000,14362000,2021-10-01,"Positive"
"Guam","2021","09",5000,75316000,"2021 Sep",75311000,75321000,2021-09-01,"Positive"
"Guam","2021","08",14000,45025000,"2021 Aug",45011000,45039000,2021-08-01,"Positive"
"Guam","2021","07",27000,33271000,"2021 Jul",33244000,33298000,2021-07-01,"Positive"
"Guam","2021","06",42000,74196000,"2021 Jun",74154000,74238000,2021-06-01,"Positive"
"Guam","2021","05",65000,57813000,"2021 May",57748000,57878000,2021-05-01,"Positive"
"Guam","2021","04",20000,55582000,"2021 Apr",55562000,55602000,2021-04-01,"Positive"
"Guam","2021","03",32000,41069000,"2021 Mar",41037000,41101000,2021-03-01,"Positive"
"Guam","2021","02",23000,27992000,"2021 Feb",27969000,28015000,2021-02-01,"Positive"
"Guam","2021","01",29000,2224000,"2021 Jan",2195000,2253000,2021-01-01,"Positive"
"Guam","2020","12",65000,36388000,"2020 Dec",36323000,36453000,2020-12-01,"Positive"
"Guam","2020","11",28000,38985000,"2020 Nov",38957000,39013000,2020-11-01,"Positive"
"Guam","2020","10",20000,24413000,"2020 Oct",24393000,24433000,2020-10-01,"Positive"
"Guam","2020","09",16000,4421000,"2020 Sep",4405000,4437000,2020-09-01,"Positive"
"Guam","2020","08",19000,28334000,"2020 Aug",28315000,28353000,2020-08-01,"Positive"
"Guam","2020","07",17000,21760000,"2020 Jul",21743000,21777000,2020-07-01,"Positive"
"Guam","2020","06",9000,11922000,"2020 Jun",11913000,11931000,2020-06-01,"Positive"
"Guam","2020","05",28000,7673000,"2020 May",7645000,7701000,2020-05-01,"Positive"
"Guam","2020","04",5000,21476000,"2020 Apr",21471000,21481000,2020-04-01,"Positive"
"Guam","2020","03",23000,35762000,"2020 Mar",35739000,35785000,2020-03-01,"Positive"
"Guam","2020","02",23000,8669000,"2020 Feb",8646000,8692000,2020-02-01,"Positive"
"Guam","2020","01",33000,71057000,"2020 Jan",71024000,71090000,2020-01-01,"Positive"
"Guam","2019","12",25000,43387000,"2019 Dec",43362000,43412000,2019-12-01,"Positive"
"Guam","2019","11",65000,39933000,"2019 Nov",39868000,39998000,2019-11-01,"Positive"
"Guam","2019","10",55000,6084000,"2019 Oct",6029000,6139000,2019-10-01,"Positive"
"Guam","2019","09",35000,92382000,"2019 Sep",92347000,92417000,2019-09-01,"Positive"
"Guam","2019","08",36000,32086000,"2019 Aug",32050000,32122000,2019-08-01,"Positive"
"Guam","2019","07",78000,21402000,"2019 Jul",21324000,21480000,2019-07-01,"Positive"
"Guam","2019","06",16000,54992000,"2019 Jun",54976000,55008000,2019-06-01,"Positive"
"Guam","2019","05",56000,55170000,"2019 May",55114000,55226000,2019-05-01,"Positive"
"Guam","2019","04",29000,22330000,"2019 Apr",22301000,22359000,2019-04-01,"Positive"
"Guam","2019","03",81000,45082000,"2019 Mar",45001000,45163000,2019-03-01,"Positive"
"Guam","2019","02",26000,6198000,"2019 Feb",6172000,6224000,2019-02-01,"Positive"
"Guam","2019","01",10000,59982000,"2019 Jan",59972000,59992000,2019-01-01,"Positive"
"Guam","2018","12",2000,36745000,"2018 Dec",36743000,36747000,2018-12-01,"Positive"
"Guam","2018","11",81000,36062000,"2018 Nov",35981000,36143000,2018-11-01,"Positive"
"Guam","2018","10",21000,47884000,"2018 Oct",47863000,47905000,2018-10-01,"Positive"
"Guam","2018","09",60000,47154000,"2018 Sep",47094000,47214000,2018-09-01,"Positive"
"Guam","2018","08",29000,41477000,"2018 Aug",41448000,41506000,2018-08-01,"Positive"
"Guam","2018","07",21000,50798000,"2018 Jul",50777000,50819000,2018-07-01,"Positive"
"Guam","2018","06",431000,46205000,"2018 Jun",45774000,46636000,2018-06-01,"Positive"
"Guam","2018","05",56000,47914000,"2018 May",47858000,47970000,2018-05-01,"Positive"
"Guam","2018","04",29000,32342000,"2018 Apr",32313000,32371000,2018-04-01,"Positive"
"Guam","2018","03",147000,20974000,"2018 Mar",20827000,21121000,2018-03-01,"Positive"
"Guam","2018","02",42000,21496000,"2018 Feb",21454000,21538000,2018-02-01,"Positive"
"Guam","2018","01",41000,53852000,"2018 Jan",53811000,53893000,2018-01-01,"Positive"
"Solomon Islands","2022","01",0,6286000,"2022 Jan",6286000,6286000,2022-01-01,"Positive"
"Solomon Islands","2021","12",0,7976000,"2021 Dec",7976000,7976000,2021-12-01,"Positive"
"Solomon Islands","2021","11",3000,5435000,"2021 Nov",5432000,5438000,2021-11-01,"Positive"
"Solomon Islands","2021","10",0,10623000,"2021 Oct",10623000,10623000,2021-10-01,"Positive"
"Solomon Islands","2021","09",0,8087000,"2021 Sep",8087000,8087000,2021-09-01,"Positive"
"Solomon Islands","2021","08",2000,8025000,"2021 Aug",8023000,8027000,2021-08-01,"Positive"
"Solomon Islands","2021","07",0,3552000,"2021 Jul",3552000,3552000,2021-07-01,"Positive"
"Solomon Islands","2021","06",6000,6254000,"2021 Jun",6248000,6260000,2021-06-01,"Positive"
"Solomon Islands","2021","05",0,4803000,"2021 May",4803000,4803000,2021-05-01,"Positive"
"Solomon Islands","2021","04",1000,4914000,"2021 Apr",4913000,4915000,2021-04-01,"Positive"
"Solomon Islands","2021","03",0,10205000,"2021 Mar",10205000,10205000,2021-03-01,"Positive"
"Solomon Islands","2021","02",1000,4668000,"2021 Feb",4667000,4669000,2021-02-01,"Positive"
"Solomon Islands","2021","01",111000,8081000,"2021 Jan",7970000,8192000,2021-01-01,"Positive"
"Solomon Islands","2020","12",248000,4351000,"2020 Dec",4103000,4599000,2020-12-01,"Positive"
"Solomon Islands","2020","11",0,1402000,"2020 Nov",1402000,1402000,2020-11-01,"Positive"
"Solomon Islands","2020","10",69000,4965000,"2020 Oct",4896000,5034000,2020-10-01,"Positive"
"Solomon Islands","2020","09",255000,2839000,"2020 Sep",2584000,3094000,2020-09-01,"Positive"
"Solomon Islands","2020","08",213000,6997000,"2020 Aug",6784000,7210000,2020-08-01,"Positive"
"Solomon Islands","2020","07",398000,3664000,"2020 Jul",3266000,4062000,2020-07-01,"Positive"
"Solomon Islands","2020","06",0,3516000,"2020 Jun",3516000,3516000,2020-06-01,"Positive"
"Solomon Islands","2020","05",1000,2043000,"2020 May",2042000,2044000,2020-05-01,"Positive"
"Solomon Islands","2020","04",0,2390000,"2020 Apr",2390000,2390000,2020-04-01,"Positive"
"Solomon Islands","2020","03",5000,2287000,"2020 Mar",2282000,2292000,2020-03-01,"Positive"
"Solomon Islands","2020","02",1000,2525000,"2020 Feb",2524000,2526000,2020-02-01,"Positive"
"Solomon Islands","2020","01",0,6109000,"2020 Jan",6109000,6109000,2020-01-01,"Positive"
"Solomon Islands","2019","12",63000,4453000,"2019 Dec",4390000,4516000,2019-12-01,"Positive"
"Solomon Islands","2019","11",145000,6504000,"2019 Nov",6359000,6649000,2019-11-01,"Positive"
"Solomon Islands","2019","10",0,2991000,"2019 Oct",2991000,2991000,2019-10-01,"Positive"
"Solomon Islands","2019","09",0,8949000,"2019 Sep",8949000,8949000,2019-09-01,"Positive"
"Solomon Islands","2019","08",72000,2755000,"2019 Aug",2683000,2827000,2019-08-01,"Positive"
"Solomon Islands","2019","07",725000,5281000,"2019 Jul",4556000,6006000,2019-07-01,"Positive"
"Solomon Islands","2019","06",0,12597000,"2019 Jun",12597000,12597000,2019-06-01,"Positive"
"Solomon Islands","2019","05",229000,5602000,"2019 May",5373000,5831000,2019-05-01,"Positive"
"Solomon Islands","2019","04",818000,3732000,"2019 Apr",2914000,4550000,2019-04-01,"Positive"
"Solomon Islands","2019","03",3000,5559000,"2019 Mar",5556000,5562000,2019-03-01,"Positive"
"Solomon Islands","2019","02",0,1586000,"2019 Feb",1586000,1586000,2019-02-01,"Positive"
"Solomon Islands","2019","01",0,4415000,"2019 Jan",4415000,4415000,2019-01-01,"Positive"
"Solomon Islands","2018","12",0,4594000,"2018 Dec",4594000,4594000,2018-12-01,"Positive"
"Solomon Islands","2018","11",774000,3683000,"2018 Nov",2909000,4457000,2018-11-01,"Positive"
"Solomon Islands","2018","10",694000,4350000,"2018 Oct",3656000,5044000,2018-10-01,"Positive"
"Solomon Islands","2018","09",15000,3103000,"2018 Sep",3088000,3118000,2018-09-01,"Positive"
"Solomon Islands","2018","08",17000,4050000,"2018 Aug",4033000,4067000,2018-08-01,"Positive"
"Solomon Islands","2018","07",0,7911000,"2018 Jul",7911000,7911000,2018-07-01,"Positive"
"Solomon Islands","2018","06",257000,12940000,"2018 Jun",12683000,13197000,2018-06-01,"Positive"
"Solomon Islands","2018","05",364000,12773000,"2018 May",12409000,13137000,2018-05-01,"Positive"
"Solomon Islands","2018","04",0,10237000,"2018 Apr",10237000,10237000,2018-04-01,"Positive"
"Solomon Islands","2018","03",85000,6999000,"2018 Mar",6914000,7084000,2018-03-01,"Positive"
"Solomon Islands","2018","02",288000,6073000,"2018 Feb",5785000,6361000,2018-02-01,"Positive"
"Solomon Islands","2018","01",103000,4560000,"2018 Jan",4457000,4663000,2018-01-01,"Positive"
